,time_ms,delta_ms,accel_ms2_x,accel_ms2_y,accel_ms2_z,mag_uT_x,mag_uT_y,mag_uT_z,gyro_degs_x,gyro_degs_y,gyro_degs_z,euler_deg_x,euler_deg_y,euler_deg_z,quaternion_w,quaternion_x,quaternion_y,quaternion_z,lin_accel_ms2_x,lin_accel_ms2_y,lin_accel_ms2_z,gravity_ms2_x,gravity_ms2_y,gravity_ms2_z
0,0.0,0,-3.74,7.36,5.86,19.875,-12.75,-44.25,0.08777777777777777,0.012222222222222223,-0.41888888888888887,331.4375,-12.625,-45.5625,238649344.0,90898432.0,56229888.0,60637184.0,-1.59,0.53,-0.83,-2.15,6.83,6.69
1,10.911999999999999,10,-3.9,7.41,5.87,19.875,-12.75,-44.25,0.10555555555555556,-0.05333333333333334,-0.38555555555555554,331.6875,-12.75,-45.5625,238731264.0,90931200.0,56377344.0,60162048.0,-1.73,0.58,-0.82,-2.17,6.83,6.69
2,20.874,9,-4.0,7.56,5.96,19.875,-12.75,-44.25,0.15444444444444444,-0.10333333333333333,-0.35333333333333333,331.9375,-12.875,-45.625,238796800.0,91045888.0,56459264.0,59670528.0,-1.81,0.72,-0.71,-2.19,6.83,6.68
3,33.958000000000006,13,-4.18,7.77,6.04,21.0625,-13.5625,-43.875,0.1922222222222222,-0.13444444444444445,-0.33444444444444443,332.5,-12.9375,-45.6875,239026176.0,91389952.0,56213504.0,58425344.0,-1.98,0.93,-0.62,-2.2,6.83,6.67
4,42.278000000000006,8,-4.58,7.98,6.2,21.0625,-13.5625,-43.875,0.2011111111111111,-0.15555555555555556,-0.33,332.75,-13.0,-45.75,239075328.0,91570176.0,56229888.0,57917440.0,-2.36,1.14,-0.45,-2.21,6.84,6.66
5,50.436,8,-4.64,7.92,6.31,21.0625,-13.5625,-43.875,0.15,-0.1622222222222222,-0.3566666666666667,333.0,-13.125,-45.75,239140864.0,91684864.0,56246272.0,57409536.0,-2.41,1.08,-0.34,-2.22,6.84,6.65
6,60.900000000000006,10,-4.62,7.97,6.35,21.0625,-13.5625,-43.875,0.06555555555555556,-0.16333333333333333,-0.41333333333333333,333.25,-13.1875,-45.75,239271936.0,91701248.0,56262656.0,56852480.0,-2.38,1.13,-0.29,-2.24,6.84,6.65
7,70.88600000000001,9,-4.58,7.99,6.55,21.0625,-13.5625,-43.875,-0.006666666666666667,-0.17555555555555555,-0.5033333333333333,333.5625,-13.3125,-45.6875,239452160.0,91602944.0,56279040.0,56197120.0,-2.31,1.16,-0.1,-2.26,6.83,6.66
8,83.985,13,-4.64,8.11,6.67,19.5625,-14.0,-42.1875,-0.04777777777777778,-0.19777777777777777,-0.5988888888888889,334.3125,-13.5,-45.625,239878144.0,91635712.0,55984128.0,54607872.0,-2.35,1.29,0.01,-2.29,6.81,6.66
9,91.897,7,-4.71,8.16,6.76,19.5625,-14.0,-42.1875,-0.028888888888888888,-0.24555555555555555,-0.6888888888888889,334.75,-13.6875,-45.5,240140288.0,91488256.0,56000512.0,53723136.0,-2.39,1.36,0.09,-2.32,6.79,6.67
10,101.085,9,-4.72,8.14,6.78,19.5625,-14.0,-42.1875,0.042222222222222223,-0.3055555555555556,-0.7655555555555555,335.25,-13.875,-45.4375,240386048.0,91406336.0,55984128.0,52707328.0,-2.37,1.35,0.1,-2.35,6.78,6.67
11,110.52199999999999,9,-4.63,8.11,6.89,19.5625,-14.0,-42.1875,0.13666666666666666,-0.35444444444444445,-0.82,335.75,-14.0,-45.375,240631808.0,91439104.0,55967744.0,51576832.0,-2.25,1.33,0.21,-2.38,6.77,6.67
12,120.556,10,-4.55,8.26,6.96,19.5625,-14.0,-42.1875,0.21444444444444444,-0.4088888888888889,-0.8688888888888889,336.375,-14.1875,-45.375,240861184.0,91553792.0,55934976.0,50348032.0,-2.14,1.49,0.28,-2.41,6.76,6.67
13,133.658,13,-4.46,8.21,7.0,19.1875,-13.0625,-42.6875,0.19555555555555557,-0.4477777777777778,-0.9122222222222223,337.4375,-14.375,-45.375,241303552.0,91865088.0,55492608.0,48070656.0,-2.02,1.45,0.33,-2.44,6.75,6.67
14,141.08599999999998,7,-4.32,8.02,7.05,19.1875,-13.0625,-42.6875,0.03111111111111111,-0.48,-0.9455555555555556,338.0625,-14.5625,-45.25,241631232.0,91766784.0,55361536.0,46759936.0,-1.85,1.28,0.37,-2.47,6.73,6.68
15,150.758,9,-4.1,7.69,6.87,19.1875,-13.0625,-42.6875,-0.19333333333333333,-0.5111111111111111,-0.9688888888888889,338.6875,-14.75,-44.9375,242057216.0,91406336.0,55148544.0,45481984.0,-1.6,0.99,0.16,-2.5,6.7,6.7
16,160.524,9,-4.03,7.36,6.75,19.1875,-13.0625,-42.6875,-0.4122222222222222,-0.5422222222222223,-0.9644444444444444,339.3125,-14.9375,-44.5625,242597888.0,90783744.0,54853632.0,44236800.0,-1.5,0.71,0.01,-2.52,6.65,6.74
17,170.544,10,-3.91,6.99,6.6,19.1875,-13.0625,-42.6875,-0.6033333333333334,-0.5622222222222222,-0.9255555555555556,339.875,-15.0625,-44.125,243187712.0,89964544.0,54476800.0,43089920.0,-1.36,0.4,-0.18,-2.55,6.59,6.79
18,183.837,13,-3.64,6.45,6.32,18.75,-13.0625,-43.5,-0.6988888888888889,-0.5633333333333334,-0.8655555555555555,340.875,-15.125,-43.5625,243990528.0,89276416.0,53657600.0,40976384.0,-1.07,-0.07,-0.52,-2.56,6.52,6.85
19,190.911,7,-3.57,6.34,6.3,18.75,-13.0625,-43.5,-0.7033333333333334,-0.5655555555555556,-0.7855555555555556,341.375,-15.25,-43.0625,244580352.0,88375296.0,53198848.0,39993344.0,-0.99,-0.11,-0.6,-2.57,6.46,6.91
20,200.486,9,-3.52,6.24,6.35,18.75,-13.0625,-43.5,-0.6511111111111111,-0.5611111111111111,-0.6955555555555556,341.8125,-15.25,-42.5625,245121024.0,87539712.0,52723712.0,39124992.0,-0.94,-0.15,-0.61,-2.58,6.4,6.96
21,210.606,10,-3.53,6.28,6.46,18.75,-13.0625,-43.5,-0.5666666666666667,-0.5777777777777777,-0.6077777777777778,342.25,-15.25,-42.125,245612544.0,86835200.0,52199424.0,38305792.0,-0.95,-0.06,-0.54,-2.58,6.34,7.01
22,220.75300000000001,10,-3.6,6.23,6.75,18.75,-13.0625,-43.5,-0.47444444444444445,-0.6077777777777778,-0.54,342.625,-15.1875,-41.75,246054912.0,86261760.0,51625984.0,37552128.0,-1.02,-0.07,-0.29,-2.57,6.3,7.05
23,233.74200000000002,12,-3.43,5.98,6.86,17.6875,-10.1875,-43.875,-0.4177777777777778,-0.6466666666666666,-0.5,343.5,-15.125,-41.375,246644736.0,85999616.0,50577408.0,35618816.0,-0.87,-0.28,-0.23,-2.56,6.26,7.09
24,240.73600000000002,6,-3.2,5.82,6.93,17.6875,-10.1875,-43.875,-0.36,-0.6977777777777778,-0.51,343.9375,-15.0,-41.0625,247037952.0,85573632.0,49905664.0,34832384.0,-0.66,-0.4,-0.2,-2.54,6.22,7.13
25,250.02999999999997,9,-2.91,5.66,6.78,17.6875,-10.1875,-43.875,-0.19666666666666666,-0.7744444444444445,-0.5744444444444444,344.375,-14.875,-40.8125,247398400.0,85327872.0,49201152.0,33882112.0,-0.38,-0.53,-0.38,-2.52,6.2,7.16
26,260.569,10,-2.77,5.83,6.81,17.6875,-10.1875,-43.875,0.12111111111111111,-0.8244444444444444,-0.6733333333333333,344.9375,-14.8125,-40.75,247644160.0,85458944.0,48529408.0,32735232.0,-0.26,-0.36,-0.35,-2.5,6.19,7.17
27,270.621,10,-2.71,6.15,6.96,17.6875,-10.1875,-43.875,0.48333333333333334,-0.8155555555555556,-0.7933333333333333,345.5625,-14.75,-40.875,247758848.0,85966848.0,47955968.0,31358976.0,-0.21,-0.04,-0.2,-2.5,6.2,7.16
28,283.738,13,-2.85,6.63,7.22,16.5625,-9.75,-43.5,0.7544444444444445,-0.7411111111111112,-0.9022222222222223,346.6875,-14.75,-41.125,247857152.0,86933504.0,47251456.0,28884992.0,-0.35,0.4,0.08,-2.5,6.23,7.14
29,291.206,7,-3.74,7.46,8.16,16.5625,-9.75,-43.5,0.8477777777777777,-0.6133333333333333,-0.95,347.375,-14.875,-41.375,247775232.0,87801856.0,47022080.0,27328512.0,-1.22,1.19,1.05,-2.51,6.27,7.1
30,300.88,9,-4.21,8.03,8.53,16.5625,-9.75,-43.5,0.7822222222222223,-0.4811111111111111,-0.9166666666666666,348.0625,-15.0,-41.6875,247660544.0,88571904.0,46940160.0,25870336.0,-1.67,1.72,1.46,-2.54,6.3,7.07
31,310.62899999999996,9,-4.63,8.91,8.84,16.5625,-9.75,-43.5,0.6088888888888889,-0.38,-0.7922222222222223,348.625,-15.125,-41.875,247595008.0,89161728.0,46907392.0,24641536.0,-2.07,2.58,1.8,-2.56,6.32,7.04
32,320.642,10,-4.92,9.15,8.93,16.5625,-9.75,-43.5,0.2677777777777778,-0.3055555555555556,-0.6022222222222222,349.0,-15.1875,-41.9375,247611392.0,89374720.0,46825472.0,23740416.0,-2.34,2.82,1.9,-2.57,6.32,7.03
33,333.75300000000004,13,-4.99,8.24,9.03,14.1875,-8.6875,-45.5625,-0.21666666666666667,-0.2633333333333333,-0.4077777777777778,349.9375,-15.25,-41.75,247939072.0,89341952.0,46153728.0,21741568.0,-2.41,1.94,1.97,-2.58,6.3,7.05
34,340.977,7,-5.09,7.64,9.12,14.1875,-8.6875,-45.5625,-0.45,-0.3,-0.28888888888888886,350.125,-15.25,-41.4375,248233984.0,88768512.0,45875200.0,21381120.0,-2.5,1.38,2.03,-2.58,6.26,7.08
35,350.625,9,-4.99,7.75,9.12,14.1875,-8.6875,-45.5625,-0.18888888888888888,-0.4211111111111111,-0.29333333333333333,350.375,-15.1875,-41.25,248430592.0,88522752.0,45481984.0,20889600.0,-2.42,1.51,2.01,-2.57,6.24,7.11
36,360.624,9,-4.92,8.53,9.83,14.1875,-8.6875,-45.5625,0.19333333333333333,-0.5455555555555556,-0.4122222222222222,350.6875,-15.125,-41.25,248496128.0,88719360.0,45023232.0,20135936.0,-2.36,2.28,2.72,-2.55,6.24,7.11
37,370.607,9,-4.85,8.96,10.36,14.1875,-8.6875,-45.5625,0.3511111111111111,-0.6277777777777778,-0.5933333333333334,351.1875,-15.0625,-41.3125,248545280.0,89063424.0,44564480.0,19103744.0,-2.3,2.71,3.25,-2.55,6.25,7.1
38,383.749,13,-4.81,9.35,10.8,14.6875,-9.6875,-45.1875,0.2088888888888889,-0.6711111111111111,-0.8055555555555556,352.1875,-15.0625,-41.3125,248725504.0,89374720.0,43794432.0,16859136.0,-2.25,3.1,3.69,-2.55,6.25,7.11
39,390.804,7,-5.47,9.41,11.48,14.6875,-9.6875,-45.1875,-0.2811111111111111,-0.69,-0.9977777777777778,352.875,-15.125,-40.9375,249069568.0,88883200.0,43384832.0,15450112.0,-2.9,3.2,4.33,-2.56,6.2,7.14
40,400.45799999999997,9,-5.84,8.92,11.32,14.6875,-9.6875,-45.1875,-1.0044444444444445,-0.7111111111111111,-1.1255555555555556,353.5625,-15.25,-40.1875,249724928.0,87506944.0,42942464.0,14024704.0,-3.25,2.81,4.1,-2.58,6.11,7.22
41,410.648,10,-5.91,8.22,10.96,14.6875,-9.6875,-45.1875,-1.6166666666666667,-0.7822222222222223,-1.1688888888888889,354.1875,-15.3125,-39.125,250609664.0,85409792.0,42385408.0,12632064.0,-3.32,2.25,3.62,-2.59,5.97,7.33
42,420.66700000000003,10,-5.39,7.07,10.24,14.6875,-9.6875,-45.1875,-1.758888888888889,-0.9022222222222223,-1.2033333333333334,354.875,-15.375,-37.9375,251559936.0,83116032.0,41680896.0,11190272.0,-2.79,1.25,2.79,-2.6,5.81,7.45
43,433.79400000000004,13,-3.1,4.46,9.38,14.5625,-9.25,-45.1875,-1.2822222222222222,-1.0177777777777777,-1.3733333333333333,355.9375,-15.375,-37.0,252346368.0,81444864.0,40796160.0,8945664.0,-0.49,-1.22,1.83,-2.6,5.69,7.54
44,441.22499999999997,7,-1.45,4.55,9.64,14.5625,-9.25,-45.1875,-0.48,-1.0555555555555556,-1.8166666666666667,357.0625,-15.5,-36.4375,252805120.0,80543744.0,40206336.0,6438912.0,1.17,-1.05,2.04,-2.62,5.61,7.6
45,450.969,9,0.48,4.97,9.99,14.5625,-9.25,-45.1875,0.27,-1.018888888888889,-2.5233333333333334,358.625,-15.875,-36.1875,252952576.0,80412672.0,39960576.0,2965504.0,3.16,-0.59,2.38,-2.68,5.56,7.61
46,460.648,9,2.5,5.15,10.61,14.5625,-9.25,-45.1875,0.6322222222222222,-0.9588888888888889,-3.3666666666666667,0.6875,-16.5,-36.0,252903424.0,80543744.0,40091648.0,-1556480.0,5.29,-0.37,3.0,-2.79,5.52,7.6
47,470.689,10,2.61,4.71,10.79,14.5625,-9.25,-45.1875,0.5411111111111111,-0.9077777777777778,-4.206666666666667,3.1875,-17.4375,-35.625,252788736.0,80363520.0,40599552.0,-7061504.0,5.56,-0.73,3.19,-2.94,5.45,7.6
48,482.832,12,2.99,4.29,10.65,12.0625,-5.5625,-47.25,0.3,-0.9122222222222223,-4.914444444444444,6.0,-18.625,-35.0,252608512.0,79724544.0,41353216.0,-13369344.0,6.12,-1.03,3.04,-3.13,5.33,7.61
49,489.815,6,3.67,3.88,10.21,12.0625,-5.5625,-47.25,0.29555555555555557,-0.9966666666666667,-5.402222222222222,9.1875,-19.8125,-34.1875,252264448.0,78921728.0,42172416.0,-20283392.0,7.0,-1.29,2.59,-3.33,5.18,7.62
50,500.68999999999994,10,5.4,2.76,9.29,12.0625,-5.5625,-47.25,0.5944444444444444,-1.0777777777777777,-5.655555555555556,12.5,-21.0625,-33.4375,251625472.0,78381056.0,42926080.0,-27574272.0,8.92,-2.28,1.66,-3.52,5.04,7.63
51,510.71299999999997,10,6.08,2.91,8.85,12.0625,-5.5625,-47.25,1.1977777777777778,-1.0544444444444445,-5.7,15.875,-22.25,-32.9375,250544128.0,78479360.0,43614208.0,-35012608.0,9.8,-2.02,1.24,-3.72,4.93,7.61
52,520.674,9,6.36,3.41,8.73,12.0625,-5.5625,-47.25,1.8922222222222222,-0.8177777777777778,-5.541111111111111,19.25,-23.5625,-32.8125,248987648.0,79413248.0,44384256.0,-42287104.0,10.29,-1.45,1.17,-3.92,4.87,7.55
53,532.947,12,6.36,3.98,9.26,10.1875,-2.5625,-46.875,2.3333333333333335,-0.27111111111111114,-5.165555555555556,22.375,-24.9375,-32.9375,247037952.0,81002496.0,45514752.0,-48971776.0,10.5,-0.85,1.8,-4.14,4.83,7.45
54,539.987,7,6.37,4.08,8.87,10.1875,-2.5625,-46.875,2.4266666666666667,0.57,-4.546666666666667,25.125,-26.5625,-33.375,244842496.0,82968576.0,47366144.0,-54607872.0,10.76,-0.74,1.55,-4.38,4.82,7.32
55,550.5600000000001,10,6.43,3.86,7.84,10.1875,-2.5625,-46.875,2.1644444444444444,1.6677777777777778,-3.72,27.1875,-28.4375,-33.9375,242597888.0,85065728.0,50200576.0,-58753024.0,11.1,-0.94,0.69,-4.67,4.81,7.15
56,560.701,10,6.34,3.1,6.89,10.1875,-2.5625,-46.875,1.6633333333333333,2.9566666666666666,-2.75,28.5,-30.625,-34.625,240402432.0,87130112.0,54231040.0,-61112320.0,11.34,-1.69,-0.04,-4.99,4.79,6.93
57,570.704,10,5.79,1.33,5.08,10.1875,-2.5625,-46.875,1.271111111111111,4.315555555555555,-1.7244444444444444,29.0,-33.0625,-35.6875,238190592.0,89374720.0,59490304.0,-61603840.0,11.14,-3.46,-1.58,-5.35,4.79,6.66
58,583.0699999999999,12,5.18,1.2,4.2,11.0,-6.0,-46.375,1.2044444444444444,5.592222222222222,-0.7366666666666667,28.6875,-35.75,-37.375,235798528.0,92127232.0,65765376.0,-60375040.0,10.92,-3.63,-2.11,-5.73,4.83,6.31
59,590.684,7,4.48,1.4,3.59,11.0,-6.0,-46.375,1.3977777777777778,6.687777777777778,0.14222222222222222,27.8125,-38.5625,-39.875,233013248.0,95600640.0,72761344.0,-57704448.0,10.6,-3.51,-2.28,-6.11,4.92,5.87
60,600.5939999999999,9,4.09,1.8,2.98,11.0,-6.0,-46.375,1.541111111111111,7.581111111111111,0.91,26.3125,-41.3125,-43.375,229785600.0,99647488.0,80248832.0,-53739520.0,10.57,-3.25,-2.36,-6.47,5.05,5.35
61,610.724,10,3.57,2.29,1.6,11.0,-6.0,-46.375,1.5155555555555555,8.251111111111111,1.6011111111111112,24.25,-43.8125,-47.6875,226148352.0,103923712.0,88047616.0,-48627712.0,10.37,-2.93,-3.15,-6.79,5.23,4.75
62,620.7,9,3.81,2.65,0.6,11.0,-6.0,-46.375,1.3955555555555557,8.692222222222222,2.238888888888889,21.625,-45.9375,-52.875,222134272.0,108265472.0,95862784.0,-42467328.0,10.85,-2.78,-3.51,-7.04,5.43,4.11
63,633.026,12,4.21,3.1,-0.91,20.5,-7.375,-41.1875,1.3055555555555556,8.914444444444445,2.8455555555555554,18.4375,-47.375,-58.75,217743360.0,112623616.0,103448576.0,-35438592.0,11.43,-2.56,-4.35,-7.21,5.67,3.44
64,640.235,7,4.15,4.19,-3.77,20.5,-7.375,-41.1875,1.3033333333333332,9.003333333333334,3.4844444444444442,14.75,-48.0,-65.1875,212992000.0,117080064.0,110559232.0,-27623424.0,11.44,-1.75,-6.52,-7.28,5.95,2.74
65,650.557,10,4.14,4.89,-4.73,20.5,-7.375,-41.1875,1.4866666666666666,9.017777777777777,4.207777777777777,10.5,-47.625,-72.0,207732736.0,121847808.0,117014528.0,-19120128.0,11.39,-1.38,-6.77,-7.25,6.28,2.03
66,660.7969999999999,10,3.97,5.59,-5.55,20.5,-7.375,-41.1875,1.6766666666666667,8.973333333333333,5.035555555555556,5.5625,-46.25,-78.6875,201981952.0,126959616.0,122650624.0,-9863168.0,11.06,-1.05,-6.88,-7.08,6.65,1.32
67,670.677,9,3.68,6.42,-6.46,20.5,-7.375,-41.1875,1.6066666666666667,8.88888888888889,5.977777777777778,359.8125,-43.6875,-84.8125,195854336.0,132218880.0,127336448.0,294912.0,10.46,-0.63,-7.09,-6.77,7.05,0.63
68,682.6410000000001,11,2.78,7.75,-7.55,36.0625,-11.5625,-23.0,1.0933333333333333,8.717777777777778,7.024444444444445,352.9375,-40.0625,-89.8125,189612032.0,137281536.0,130842624.0,11632640.0,9.1,0.25,-7.57,-6.31,7.49,0.01
69,689.9960000000001,7,2.19,7.59,-8.23,36.0625,-11.5625,-23.0,0.27111111111111114,8.37111111111111,8.14,344.9375,-35.5,-93.4375,183500800.0,141918208.0,132890624.0,24215552.0,7.89,-0.36,-7.75,-5.7,7.96,-0.48
70,700.763,10,1.99,7.33,-9.0,36.0625,-11.5625,-23.0,-0.43222222222222223,7.7988888888888885,9.213333333333333,336.0,-30.1875,-95.6875,177520640.0,146210816.0,133201920.0,37715968.0,6.92,-1.09,-8.16,-4.93,8.43,-0.84
71,710.778,10,4.03,6.02,-9.3,36.0625,-11.5625,-23.0,-0.5622222222222222,6.971111111111111,10.057777777777778,326.625,-24.3125,-97.0,171409408.0,150601728.0,131776512.0,51314688.0,8.08,-2.84,-8.21,-4.04,8.86,-1.09
72,720.773,9,5.14,6.92,-9.13,36.0625,-11.5625,-23.0,-0.35333333333333333,6.0088888888888885,10.564444444444444,317.375,-18.1875,-97.75,165036032.0,155205632.0,128811008.0,64323584.0,8.21,-2.29,-7.86,-3.06,9.22,-1.26
73,732.8820000000001,12,5.78,8.71,-8.8,38.0,-26.0625,-6.1875,-0.2411111111111111,4.9622222222222225,10.782222222222222,308.5,-12.0,-98.125,158629888.0,159842304.0,124485632.0,76464128.0,7.83,-0.78,-7.43,-2.04,9.49,-1.36
74,739.929,7,5.94,9.97,-8.56,38.0,-26.0625,-6.1875,-0.52,3.882222222222222,10.918888888888889,300.125,-5.8125,-98.0625,152535040.0,164249600.0,118734848.0,87818240.0,6.94,0.31,-7.18,-1.0,9.65,-1.37
75,750.895,10,5.03,10.04,-9.33,38.0,-26.0625,-6.1875,-1.1611111111111112,2.7733333333333334,11.146666666666667,292.3125,0.3125,-97.4375,147013632.0,168280064.0,111394816.0,98582528.0,4.97,0.31,-8.05,0.05,9.72,-1.27
76,760.796,9,5.39,9.73,-10.17,38.0,-26.0625,-6.1875,-1.5811111111111111,1.6644444444444444,11.455555555555556,285.0625,6.625,-96.625,141803520.0,172195840.0,102514688.0,108576768.0,4.26,0.05,-9.04,1.13,9.67,-1.12
77,770.813,10,6.16,9.65,-11.04,38.0,-26.0625,-6.1875,-1.4577777777777778,0.6611111111111111,11.68,278.5,12.9375,-95.875,136445952.0,176291840.0,92504064.0,117506048.0,3.95,0.14,-10.06,2.2,9.5,-0.98
78,782.7539999999999,11,7.8,10.53,-11.7,22.0,-40.75,-2.75,-0.8722222222222222,-0.11777777777777777,11.685555555555556,272.375,19.25,-95.5625,130498560.0,180649984.0,82018304.0,125173760.0,4.56,1.32,-10.8,3.24,9.21,-0.9
79,789.825,7,8.09,11.2,-11.35,22.0,-40.75,-2.75,-0.1288888888888889,-0.6788888888888889,11.44111111111111,266.5625,25.4375,-95.9375,123879424.0,185155584.0,71598080.0,131547136.0,3.88,2.39,-10.43,4.21,8.8,-0.91
80,800.855,11,7.74,11.76,-10.88,22.0,-40.75,-2.75,0.5255555555555556,-1.1477777777777778,10.927777777777777,261.0625,31.25,-96.9375,116817920.0,189628416.0,61554688.0,136609792.0,2.64,3.45,-9.87,5.09,8.31,-1.01
81,810.867,10,7.19,12.43,-10.61,22.0,-40.75,-2.75,0.9677777777777777,-1.728888888888889,10.123333333333333,256.0625,36.5625,-98.5625,109756416.0,194019328.0,52035584.0,140214272.0,1.34,4.65,-9.43,5.85,7.78,-1.17
82,820.996,10,7.23,13.1,-11.06,22.0,-40.75,-2.75,1.0966666666666667,-2.5155555555555558,9.036666666666667,251.9375,41.1875,-100.9375,103235584.0,198311936.0,43089920.0,142196736.0,0.77,5.86,-9.65,6.46,7.23,-1.4
83,832.799,11,7.05,13.22,-11.01,-2.1875,-49.0625,-5.75,1.0222222222222221,-3.5277777777777777,7.716666666666667,248.9375,44.875,-104.125,97697792.0,202604544.0,34750464.0,142327808.0,0.12,6.48,-9.32,6.92,6.73,-1.69
84,839.859,7,7.43,13.5,-11.18,-2.1875,-49.0625,-5.75,0.8533333333333334,-4.737777777777778,6.198888888888889,247.25,47.4375,-108.125,93405184.0,207077376.0,27131904.0,140394496.0,0.21,7.2,-9.11,7.22,6.3,-2.06
85,850.808,10,8.93,12.76,-11.29,-2.1875,-49.0625,-5.75,0.46,-6.027777777777778,4.593333333333334,247.1875,48.625,-112.75,90603520.0,211763200.0,20234240.0,136364032.0,1.57,6.79,-8.78,7.36,5.97,-2.51
86,860.93,10,9.57,12.04,-10.96,-2.1875,-49.0625,-5.75,-0.016666666666666666,-7.2555555555555555,3.0455555555555556,248.8125,48.4375,-117.625,89276416.0,216596480.0,14024704.0,130285568.0,2.23,6.28,-7.94,7.34,5.76,-3.01
87,870.907,9,10.17,11.43,-10.46,-2.1875,-49.0625,-5.75,-0.3522222222222222,-8.296666666666667,1.6355555555555557,252.125,46.9375,-122.1875,89112576.0,221511680.0,8601600.0,122355712.0,3.0,5.77,-6.89,7.16,5.65,-3.56
88,882.9630000000001,12,10.5,10.67,-9.68,-20.5,-46.1875,-2.0625,-0.7522222222222222,-9.593333333333334,-0.6933333333333334,258.0,43.6875,-125.9375,90603520.0,226508800.0,4816896.0,111886336.0,3.72,4.94,-5.51,6.77,5.73,-4.16
89,890.42,7,10.0,9.99,-7.78,-20.5,-46.1875,-2.0625,-0.7522222222222222,-9.593333333333334,-0.6933333333333334,264.5,40.1875,-129.0625,91914240.0,231030784.0,1032192.0,101171200.0,3.66,4.19,-3.06,6.33,5.8,-4.72
90,900.791,10,9.68,10.16,-6.87,-20.5,-46.1875,-2.0625,-0.9222222222222223,-9.917777777777777,-1.6166666666666667,272.5625,36.0625,-131.375,93634560.0,235110400.0,-1966080.0,89489408.0,3.91,4.22,-1.63,5.77,5.94,-5.24
91,911.0070000000001,10,9.41,10.18,-5.84,-20.5,-46.1875,-2.0625,-1.1455555555555557,-10.068888888888889,-2.3733333333333335,282.3125,31.4375,-132.875,95715328.0,238616576.0,-4276224.0,77070336.0,4.29,4.06,-0.15,5.11,6.12,-5.69
92,920.9490000000001,9,9.54,10.26,-3.62,-20.5,-46.1875,-2.0625,-1.4166666666666667,-10.093333333333334,-3.0122222222222224,293.625,26.4375,-133.6875,98091008.0,241418240.0,-5963776.0,64159744.0,5.17,3.91,2.43,4.37,6.34,-6.06
93,932.8570000000001,11,9.7,10.45,-2.72,-19.5625,-44.6875,4.375,-1.791111111111111,-9.792222222222222,-4.113333333333333,306.5,21.1875,-133.75,100990976.0,243367936.0,-6340608.0,50888704.0,6.15,3.85,3.59,3.54,6.6,-6.32
94,940.184,7,9.35,11.36,-1.77,-19.5625,-44.6875,4.375,-1.791111111111111,-9.792222222222222,-4.113333333333333,320.1875,15.875,-133.5625,103628800.0,244678656.0,-6701056.0,37486592.0,6.66,4.52,4.72,2.68,6.83,-6.5
95,950.8219999999999,10,8.58,12.63,-0.81,-19.5625,-44.6875,4.375,-1.9055555555555554,-9.391111111111112,-4.573333333333333,334.25,10.5625,-133.0,106233856.0,245252096.0,-6340608.0,24231936.0,6.78,5.58,5.75,1.8,7.04,-6.57
96,960.96,10,7.92,15.49,1.19,-19.5625,-44.6875,4.375,-2.17,-8.753333333333334,-4.998888888888889,348.0,5.3125,-132.0,108937216.0,245022720.0,-5177344.0,11419648.0,7.0,8.24,7.73,0.91,7.24,-6.54
97,970.934,9,6.95,16.11,2.02,-19.5625,-44.6875,4.375,-2.9044444444444446,-7.881111111111111,-5.463333333333333,0.625,0.25,-130.5,112295936.0,243793920.0,-3047424.0,-655360.0,6.9,8.66,8.39,0.05,7.45,-6.37
98,982.852,11,6.0,16.3,2.44,-8.375,-45.75,10.0,-5.392222222222222,-5.6755555555555555,-6.466666666666667,10.375,-4.375,-127.5625,118308864.0,240713728.0,1425408.0,-10747904.0,6.75,8.55,8.41,-0.74,7.74,-5.96
99,990.011,7,5.04,15.96,2.42,-8.375,-45.75,10.0,-5.392222222222222,-5.6755555555555555,-6.466666666666667,19.0,-9.0,-124.5625,124026880.0,237076480.0,5898240.0,-20807680.0,6.58,7.99,7.92,-1.54,7.97,-5.5
100,1000.894,10,3.88,12.41,1.24,-8.375,-45.75,10.0,-6.814444444444445,-3.5033333333333334,-7.1177777777777775,24.6875,-13.3125,-121.0,130940928.0,232226816.0,12500992.0,-28721152.0,6.14,4.23,6.16,-2.26,8.17,-4.91
101,1010.8839999999999,9,3.36,11.49,0.75,-8.375,-45.75,10.0,-6.322222222222222,-2.5933333333333333,-7.234444444444445,29.1875,-17.4375,-117.75,136937472.0,227262464.0,19709952.0,-35667968.0,6.3,3.21,5.11,-2.94,8.27,-4.35
102,1020.883,9,2.94,10.87,0.12,-8.375,-45.75,10.0,-5.543333333333333,-1.7577777777777779,-7.231111111111111,32.75,-21.375,-115.0,141721600.0,222461952.0,27295744.0,-41713664.0,6.52,2.6,3.99,-3.57,8.27,-3.86
103,1032.894,12,2.17,9.33,0.17,7.6875,-47.0625,1.1875,-4.815555555555555,-0.9655555555555555,-7.1722222222222225,35.75,-25.125,-112.875,145391616.0,217907200.0,35143680.0,-46891008.0,6.34,1.15,3.63,-4.17,8.17,-3.45
104,1039.881,6,1.23,8.67,0.76,7.6875,-47.0625,1.1875,-4.815555555555555,-0.9655555555555555,-7.1722222222222225,38.5,-28.9375,-110.75,148815872.0,212992000.0,42942464.0,-52002816.0,5.98,0.65,3.8,-4.75,8.01,-3.04
105,1050.865,10,0.64,7.82,1.14,7.6875,-47.0625,1.1875,-3.7177777777777776,0.35555555555555557,-7.177777777777778,40.6875,-32.5625,-109.625,150618112.0,208830464.0,51347456.0,-55918592.0,5.92,0.04,3.92,-5.28,7.77,-2.78
106,1060.9850000000001,10,0.48,7.47,1.6,7.6875,-47.0625,1.1875,-3.5055555555555555,0.93,-7.341111111111111,42.6875,-36.1875,-108.9375,151797760.0,204619776.0,60178432.0,-59342848.0,6.28,0.0,4.18,-5.79,7.48,-2.57
107,1071.0230000000001,10,0.81,6.13,1.85,7.6875,-47.0625,1.1875,-3.557777777777778,1.478888888888889,-7.581111111111111,44.375,-39.8125,-108.6875,152584192.0,200146944.0,69566464.0,-62308352.0,7.1,-0.99,4.26,-6.28,7.13,-2.41
108,1082.8990000000001,11,0.9,4.84,1.81,22.75,-42.1875,-11.5,-3.5155555555555558,1.95,-7.836666666666667,46.0,-43.5,-108.875,152829952.0,195411968.0,79396864.0,-64913408.0,7.66,-1.88,4.11,-6.75,6.72,-2.3
109,1090.638,7,1.37,4.26,1.56,22.75,-42.1875,-11.5,-3.1333333333333333,2.311111111111111,-8.005555555555556,47.6875,-47.1875,-109.8125,152256512.0,190660608.0,89391104.0,-67338240.0,8.57,-1.99,3.82,-7.19,6.26,-2.26
110,1101.3029999999999,10,2.11,4.62,1.39,22.75,-42.1875,-11.5,-2.566666666666667,2.5633333333333335,-7.956666666666667,49.5625,-50.75,-111.6875,150814720.0,186073088.0,99188736.0,-69632000.0,9.71,-1.13,3.68,-7.59,5.75,-2.29
111,1111.1,9,1.84,4.62,1.13,22.75,-42.1875,-11.5,-2.0144444444444445,2.747777777777778,-7.612222222222222,51.4375,-54.0,-114.5,148668416.0,181813248.0,108478464.0,-71647232.0,9.77,-0.61,3.52,-7.93,5.24,-2.39
112,1121.073,9,1.15,4.32,1.1,22.75,-42.1875,-11.5,-1.7033333333333334,2.9077777777777776,-6.948888888888889,53.125,-56.6875,-118.0625,146178048.0,177897472.0,117030912.0,-73121792.0,9.35,-0.42,3.63,-8.19,4.74,-2.53
113,1133.018,11,0.64,4.3,1.09,34.75,-27.6875,-12.0625,-1.7066666666666668,3.046666666666667,-5.993333333333333,54.25,-58.6875,-122.0,143769600.0,174342144.0,124747776.0,-73711616.0,9.02,-0.01,3.79,-8.37,4.31,-2.7
114,1140.623,7,-0.95,3.73,1.31,34.75,-27.6875,-12.0625,-2.02,3.183333333333333,-4.7811111111111115,54.5,-59.875,-125.75,141819904.0,171180032.0,131530752.0,-73121792.0,7.52,-0.25,4.18,-8.48,3.98,-2.87
115,1151.05,10,-0.93,3.27,1.19,34.75,-27.6875,-12.0625,-2.7466666666666666,3.347777777777778,-3.4166666666666665,53.5,-60.25,-128.75,140722176.0,168296448.0,137478144.0,-70959104.0,7.58,-0.52,4.23,-8.51,3.79,-3.04
116,1161.117,10,-0.41,2.67,0.59,34.75,-27.6875,-12.0625,-3.736666666666667,3.5322222222222224,-2.0355555555555553,50.9375,-59.875,-130.5,140673024.0,165593088.0,142671872.0,-67026944.0,8.07,-1.06,3.79,-8.48,3.73,-3.19
117,1171.094,9,0.95,0.65,-2.08,34.75,-27.6875,-12.0625,-4.855555555555555,3.7488888888888887,-0.7555555555555555,46.75,-58.8125,-130.9375,141639680.0,162971648.0,147259392.0,-61259776.0,9.34,-3.17,1.23,-8.39,3.82,-3.32
118,1182.9769999999999,11,1.1,-0.41,-3.74,47.1875,-12.25,-6.75,-5.942222222222222,4.0055555555555555,0.3622222222222222,41.0,-57.25,-130.1875,143474688.0,160284672.0,151306240.0,-53723136.0,9.35,-4.46,-0.32,-8.25,4.04,-3.41
119,1190.234,7,1.5,-0.91,-5.32,47.1875,-12.25,-6.75,-6.722222222222222,4.2811111111111115,1.3633333333333333,34.0625,-55.25,-128.5,145752064.0,157663232.0,154796032.0,-44679168.0,9.56,-5.29,-1.84,-8.05,4.37,-3.48
120,1201.035,10,2.33,-1.24,-7.49,47.1875,-12.25,-6.75,-6.87,4.474444444444444,2.3755555555555556,26.3125,-52.6875,-126.3125,147980288.0,155484160.0,157433856.0,-34586624.0,10.13,-6.02,-3.97,-7.8,4.78,-3.51
121,1211.044,10,1.44,-1.52,-10.46,47.1875,-12.25,-6.75,-6.088888888888889,4.535555555555556,3.52,18.375,-49.75,-124.125,149553152.0,154451968.0,158908416.0,-24199168.0,8.93,-6.76,-6.9,-7.48,5.24,-3.55
122,1221.019,9,1.41,-0.52,-11.18,47.1875,-12.25,-6.75,-4.6,4.458888888888889,4.818888888888889,10.625,-46.1875,-122.3125,150011904.0,155222016.0,158941184.0,-14008320.0,8.49,-6.25,-7.55,-7.08,5.73,-3.62
123,1232.873,11,1.24,0.23,-11.71,47.5625,-7.6875,0.75,-3.0122222222222224,4.377777777777778,6.232222222222222,3.0625,-42.0625,-120.9375,149225472.0,157958144.0,157548544.0,-4063232.0,7.82,-6.0,-7.97,-6.57,6.24,-3.74
124,1240.09,7,1.85,5.43,-11.9,47.5625,-7.6875,0.75,-1.77,4.38,7.714444444444444,355.3125,-37.25,-119.875,147292160.0,162414592.0,154763264.0,6012928.0,7.79,-1.32,-8.01,-5.93,6.76,-3.89
125,1250.996,10,2.46,7.63,-11.44,47.5625,-7.6875,0.75,-1.3077777777777777,4.493333333333333,9.216666666666667,346.625,-31.6875,-118.9375,144556032.0,167936000.0,150568960.0,16875520.0,7.61,0.33,-7.4,-5.15,7.29,-4.04
126,1261.086,10,1.71,8.58,-11.02,47.5625,-7.6875,0.75,-1.65,4.588888888888889,10.614444444444445,336.8125,-25.375,-117.75,141524992.0,173768704.0,144900096.0,28966912.0,5.92,0.74,-6.9,-4.21,7.83,-4.12
127,1271.057,9,1.3,9.24,-11.43,47.5625,-7.6875,0.75,-2.158888888888889,4.5488888888888885,11.714444444444444,326.1875,-18.625,-116.3125,138297344.0,179421184.0,137740288.0,42008576.0,4.43,0.91,-7.31,-3.13,8.32,-4.11
128,1282.964,11,2.53,8.47,-12.27,44.25,-16.75,8.0,-2.698888888888889,4.315555555555555,12.392222222222221,315.3125,-11.5,-114.625,135036928.0,184516608.0,129220608.0,55476224.0,4.5,-0.25,-8.26,-1.96,8.73,-4.0
129,1290.065,7,2.09,8.86,-13.26,44.25,-16.75,8.0,-2.8577777777777778,3.8455555555555554,12.71111111111111,304.875,-4.375,-112.9375,131563520.0,189087744.0,119537664.0,68616192.0,2.84,-0.13,-9.45,-0.74,9.0,-3.81
130,1301.083,11,2.31,9.48,-13.12,44.25,-16.75,8.0,-2.52,3.2244444444444444,12.78,295.3125,2.6875,-111.5625,127565824.0,193331200.0,109019136.0,80773120.0,1.85,0.37,-9.51,0.46,9.1,-3.6
131,1311.0520000000001,9,4.36,12.23,-11.72,44.25,-16.75,8.0,-2.1911111111111112,2.5144444444444445,12.703333333333333,286.625,9.625,-110.5,123158528.0,197230592.0,97845248.0,91734016.0,2.72,3.17,-8.33,1.64,9.05,-3.38
132,1321.096,10,4.16,13.49,-11.23,44.25,-16.75,8.0,-2.2177777777777776,1.7544444444444445,12.571111111111112,278.875,16.375,-109.625,118718464.0,200638464.0,85966848.0,101580800.0,1.39,4.63,-8.07,2.76,8.86,-3.16
133,1332.962,11,3.49,14.79,-11.91,28.0625,-37.375,10.25,-2.2022222222222223,0.9777777777777777,12.364444444444445,272.0625,22.875,-109.0,114245632.0,203603968.0,73547776.0,110182400.0,-0.32,6.25,-8.96,3.81,8.53,-2.94
134,1340.771,7,1.97,15.01,-13.07,28.0625,-37.375,10.25,-1.46,0.2544444444444444,11.935555555555556,265.875,29.0625,-109.1875,109150208.0,206520320.0,61259776.0,117227520.0,-2.79,6.92,-10.25,4.76,8.09,-2.82
135,1351.01,10,4.47,14.28,-13.47,28.0625,-37.375,10.25,0.03777777777777778,-0.35,10.977777777777778,260.125,34.625,-110.625,102957056.0,209633280.0,50266112.0,122404864.0,-1.09,6.73,-10.63,5.57,7.54,-2.84
136,1361.1409999999998,10,6.64,15.29,-12.44,28.0625,-37.375,10.25,1.6577777777777778,-0.9511111111111111,9.403333333333334,254.75,39.1875,-113.3125,95961088.0,213024768.0,41353216.0,125534208.0,0.44,8.31,-9.43,6.19,6.97,-3.01
137,1371.102,9,7.61,17.54,-11.47,28.0625,-37.375,10.25,2.621111111111111,-1.7066666666666668,7.413333333333333,250.3125,42.4375,-116.9375,89161728.0,216530944.0,34619392.0,126566400.0,0.99,11.09,-8.19,6.62,6.44,-3.28
138,1383.149,12,7.16,19.3,-10.41,0.25,-48.5,2.375,2.5355555555555553,-2.6533333333333333,5.355555555555555,247.3125,44.3125,-120.875,83722240.0,219987968.0,29491200.0,125632512.0,0.31,13.28,-6.81,6.85,6.02,-3.6
139,1390.569,7,6.82,20.15,-9.28,0.25,-48.5,2.375,1.67,-3.7344444444444442,3.35,246.4375,44.75,-124.4375,80478208.0,223281152.0,25493504.0,122798080.0,-0.07,14.41,-5.34,6.9,5.74,-3.93
140,1400.9640000000002,10,6.83,19.02,-9.32,0.25,-48.5,2.375,0.5011111111111111,-4.796666666666667,1.3711111111111112,248.0,43.8125,-127.1875,79708160.0,226377728.0,22495232.0,118128640.0,0.04,13.39,-5.04,6.79,5.63,-4.27
141,1411.135,10,6.66,17.96,-9.22,0.25,-48.5,2.375,-0.4588888888888889,-5.67,-0.6088888888888889,251.875,41.625,-129.0,81117184.0,229228544.0,20725760.0,111804416.0,0.14,12.27,-4.6,6.51,5.69,-4.61
142,1421.319,10,5.78,17.07,-8.34,0.25,-48.5,2.375,-0.9933333333333333,-6.266666666666667,-2.5,257.875,38.4375,-129.9375,84099072.0,231800832.0,20496384.0,104071168.0,-0.31,11.18,-3.4,6.09,5.88,-4.93
143,1433.065,11,5.77,17.07,-7.47,-14.6875,-45.5625,7.25,-1.3755555555555556,-6.6,-4.238888888888889,265.6875,34.3125,-130.125,88293376.0,233947136.0,21839872.0,95174656.0,0.24,10.88,-2.26,5.53,6.18,-5.21
144,1440.4360000000001,7,6.16,17.36,-6.33,-14.6875,-45.5625,7.25,-2.1155555555555554,-6.7,-5.828888888888889,275.375,29.5625,-129.4375,93880320.0,235257856.0,24526848.0,85409792.0,1.31,10.78,-0.91,4.84,6.58,-5.42
145,1455.579,15,6.68,17.45,-5.41,-14.6875,-45.5625,7.25,-3.3088888888888888,-6.626666666666667,-7.26,286.8125,24.25,-127.8125,101187584.0,235339776.0,28311552.0,75071488.0,2.66,10.39,0.07,4.02,7.05,-5.48
146,1463.517,7,6.34,16.11,-4.17,-14.6875,-45.5625,7.25,-4.513333333333334,-6.438888888888889,-8.552222222222222,299.375,18.375,-125.375,109985792.0,233963520.0,33112064.0,64258048.0,3.24,8.53,1.21,3.1,7.58,-5.39
147,1471.509,7,6.31,15.24,-3.77,-14.6875,-45.5625,7.25,-5.401111111111111,-6.188888888888889,-9.662222222222223,312.125,12.1875,-122.375,119685120.0,231079936.0,38895616.0,53084160.0,4.24,7.15,1.36,2.07,8.09,-5.14
148,1482.999,11,6.84,14.62,-3.47,-8.875,-45.6875,8.875,-5.857777777777778,-5.9655555555555555,-10.534444444444444,324.4375,5.5625,-119.1875,129613824.0,226852864.0,45498368.0,41549824.0,5.88,6.1,1.29,0.95,8.51,-4.76
149,1490.064,7,7.21,11.63,-3.69,-8.875,-45.6875,8.875,-5.937777777777778,-5.802222222222222,-11.11,335.875,-1.1875,-115.9375,139165696.0,221462528.0,52625408.0,29671424.0,7.42,2.81,0.59,-0.2,8.81,-4.29
150,1501.129,11,5.81,10.13,-4.25,-8.875,-45.6875,8.875,-5.467777777777778,-5.713333333333333,-11.382222222222222,346.5,-8.0625,-112.9375,147636224.0,215334912.0,59916288.0,17448960.0,7.2,1.19,-0.46,-1.38,8.93,-3.79
151,1511.069,9,3.28,9.14,-4.14,-8.875,-45.6875,8.875,-4.235555555555556,-5.721111111111111,-11.355555555555556,356.375,-15.0,-110.5,154222592.0,209174528.0,67026944.0,4833280.0,5.82,0.27,-0.81,-2.53,8.86,-3.32
152,1521.117,10,0.45,9.3,-3.74,-8.875,-45.6875,8.875,-2.66,-5.776666666666666,-11.12,5.875,-21.75,-108.75,158662656.0,203440128.0,73662464.0,-8192000.0,4.09,0.68,-0.8,-3.63,8.62,-2.93
153,1533.179,12,0.84,9.14,-2.39,12.6875,-46.0625,-1.5625,-1.5344444444444445,-5.7444444444444445,-10.886666666666667,15.0625,-28.3125,-107.4375,161447936.0,197918720.0,79773696.0,-21381120.0,5.5,0.9,0.18,-4.65,8.23,-2.58
154,1540.238,7,1.15,7.9,-1.35,12.6875,-46.0625,-1.5625,-1.2222222222222223,-5.524444444444445,-10.822222222222223,23.75,-34.8125,-106.0,163332096.0,191987712.0,85688320.0,-34357248.0,6.75,0.16,0.87,-5.6,7.73,-2.22
155,1551.102,10,0.22,6.64,-0.16,12.6875,-46.0625,-1.5625,-1.5144444444444445,-5.134444444444444,-10.91,31.6875,-41.3125,-104.3125,164741120.0,185221120.0,91750400.0,-46809088.0,6.69,-0.49,1.66,-6.47,7.13,-1.82
156,1561.144,10,-2.03,4.51,1.04,12.6875,-46.0625,-1.5625,-1.9566666666666668,-4.637777777777778,-10.97,38.875,-47.6875,-102.1875,165773312.0,177586176.0,98041856.0,-58523648.0,5.22,-1.94,2.43,-7.25,6.45,-1.39
157,1571.127,9,-2.87,3.61,1.17,12.6875,-46.0625,-1.5625,-2.3022222222222224,-4.082222222222223,-10.873333333333333,45.25,-53.875,-99.625,166330368.0,169312256.0,104480768.0,-69353472.0,5.04,-2.08,2.13,-7.92,5.69,-0.96
158,1583.207,12,-3.79,2.88,1.21,33.25,-32.6875,-12.5625,-2.5155555555555558,-3.4955555555555557,-10.587777777777777,50.875,-59.875,-96.625,166363136.0,160677888.0,110903296.0,-79167488.0,4.68,-1.99,1.78,-8.48,4.88,-0.56
159,1590.792,7,-4.19,2.33,0.82,33.25,-32.6875,-12.5625,-2.6433333333333335,-2.9044444444444446,-10.143333333333333,55.8125,-65.5,-93.0,165871616.0,151945216.0,117178368.0,-87900160.0,4.73,-1.71,1.04,-8.92,4.05,-0.21
160,1600.948,10,-3.72,1.43,0.21,33.25,-32.6875,-12.5625,-2.8333333333333335,-2.312222222222222,-9.607777777777779,60.0625,-70.75,-88.5,164986880.0,143228928.0,123338752.0,-95436800.0,5.53,-1.79,0.13,-9.25,3.22,0.08
161,1611.1,10,-3.01,0.95,0.27,33.25,-32.6875,-12.5625,-2.867777777777778,-1.82,-8.956666666666667,63.75,-75.5,-82.375,163774464.0,134758400.0,129171456.0,-101908480.0,6.48,-1.46,-0.04,-9.49,2.42,0.32
162,1621.135,10,-3.16,0.0,0.43,33.25,-32.6875,-12.5625,-2.5922222222222224,-1.4877777777777779,-8.225555555555555,67.0625,-79.75,-73.0,162234368.0,126861312.0,134414336.0,-107577344.0,6.48,-1.65,-0.07,-9.65,1.66,0.5
163,1633.195,12,-3.93,-2.54,1.12,42.5,-10.6875,-20.6875,-2.2533333333333334,-1.3344444444444445,-7.443333333333333,70.0625,-83.125,-55.75,160530432.0,119603200.0,138936320.0,-112607232.0,5.8,-3.51,0.46,-9.73,0.96,0.65
164,1640.5320000000002,7,-3.95,-3.75,1.62,42.5,-10.6875,-20.6875,-1.9022222222222223,-1.3477777777777777,-6.657777777777778,72.75,-84.9375,-1.9375,158842880.0,112984064.0,142622720.0,-117129216.0,5.81,-4.09,0.83,-9.76,0.33,0.79
165,1651.049,10,-3.52,-4.53,1.86,42.5,-10.6875,-20.6875,-1.4322222222222223,-1.5255555555555556,-5.862222222222222,75.25,-84.3125,1.25,157319168.0,107036672.0,145358848.0,-121356288.0,6.23,-4.31,0.92,-9.75,-0.21,0.93
166,1661.1560000000002,10,-3.17,-5.44,1.94,42.5,-10.6875,-20.6875,-0.9233333333333333,-1.7933333333333332,-4.9688888888888885,77.5,-82.375,31.9375,156106752.0,101842944.0,147030016.0,-125304832.0,6.54,-4.75,0.84,-9.72,-0.68,1.1
167,1671.146,9,-2.93,-7.54,1.22,42.5,-10.6875,-20.6875,-0.4022222222222222,-2.026666666666667,-3.9477777777777776,79.3125,-80.1875,39.375,155336704.0,97550336.0,147636224.0,-128892928.0,6.73,-6.49,-0.05,-9.66,-1.05,1.28
168,1683.0529999999999,11,-2.36,-8.48,1.07,39.0625,6.375,-23.875,0.1,-2.131111111111111,-2.818888888888889,80.8125,-78.3125,41.5,155041792.0,94339072.0,147292160.0,-132022272.0,7.24,-7.17,-0.4,-9.6,-1.31,1.47
169,1690.255,7,-1.8,-9.11,1.38,39.0625,6.375,-23.875,0.5277777777777778,-2.077777777777778,-1.6111111111111112,81.8125,-76.875,40.875,155222016.0,92274688.0,146128896.0,-134496256.0,7.75,-7.66,-0.29,-9.55,-1.45,1.67
170,1701.0810000000001,10,-0.88,-8.89,2.4,39.0625,6.375,-23.875,0.6788888888888889,-1.8766666666666667,-0.3433333333333333,82.125,-76.0,38.375,156008448.0,91340800.0,144457728.0,-136036352.0,8.63,-7.42,0.54,-9.51,-1.47,1.85
171,1711.123,10,-0.64,-8.71,2.48,39.0625,6.375,-23.875,0.38333333333333336,-1.5466666666666666,0.9977777777777778,81.6875,-75.625,34.4375,157548544.0,91308032.0,142622720.0,-136232960.0,8.86,-7.33,0.48,-9.5,-1.37,2.0
172,1721.1309999999999,10,-0.83,-8.92,2.28,39.0625,6.375,-23.875,-0.1288888888888889,-1.1388888888888888,2.43,80.25,-75.8125,28.8125,159924224.0,92110848.0,140787712.0,-134807552.0,8.67,-7.76,0.18,-9.5,-1.15,2.1
173,1733.026,11,-0.72,-8.91,0.98,33.6875,15.0625,-26.0,-0.2966666666666667,-0.7022222222222222,3.951111111111111,77.9375,-76.375,20.375,163037184.0,94060544.0,138690560.0,-131891200.0,8.8,-8.1,-1.18,-9.53,-0.8,2.16
174,1740.212,7,-0.56,-7.45,-1.69,33.6875,15.0625,-26.0,0.1288888888888889,-0.20333333333333334,5.553333333333334,74.9375,-77.0,7.75,166526976.0,97665024.0,135921664.0,-127713280.0,8.99,-7.15,-3.87,-9.55,-0.29,2.18
175,1751.0810000000001,10,-0.57,-6.18,-2.04,33.6875,15.0625,-26.0,0.8633333333333333,0.4066666666666667,7.228888888888889,71.375,-77.125,-9.9375,170147840.0,103202816.0,132284416.0,-122290176.0,8.98,-6.56,-4.18,-9.56,0.37,2.14
176,1761.2140000000002,10,-0.57,-3.98,-1.51,33.6875,15.0625,-26.0,1.6111111111111112,1.0522222222222222,9.003333333333334,67.125,-75.9375,-31.0,173768704.0,110657536.0,127664128.0,-115408896.0,8.93,-5.21,-3.55,-9.51,1.22,2.03
177,1771.194,9,-1.35,2.64,0.27,33.6875,15.0625,-26.0,1.9188888888888889,1.6555555555555554,10.907777777777778,61.9375,-72.75,-50.3125,177471488.0,119603200.0,122077184.0,-106545152.0,8.01,0.4,-1.57,-9.36,2.23,1.85
178,1783.216,12,-0.62,6.4,0.52,33.6875,10.5625,-27.6875,1.6644444444444444,2.1422222222222222,12.962222222222222,55.3125,-67.375,-64.4375,181485568.0,129351680.0,115441664.0,-95174656.0,8.43,3.0,-1.1,-9.05,3.39,1.62
179,1790.326,7,0.86,10.93,0.5,33.6875,10.5625,-27.6875,1.0466666666666666,2.448888888888889,15.126666666666667,47.0625,-60.125,-73.5,185843712.0,139296768.0,107495424.0,-80986112.0,9.37,6.25,-0.87,-8.5,4.67,1.37
180,1801.107,10,2.95,19.62,-0.15,33.6875,10.5625,-27.6875,-0.26666666666666666,2.5633333333333335,17.28,36.875,-51.375,-78.6875,190709760.0,148357120.0,98091008.0,-63668224.0,10.62,13.62,-1.34,-7.66,6.0,1.19
181,1811.119,10,-1.64,21.76,-0.66,33.6875,10.5625,-27.6875,-2.796666666666667,2.272222222222222,19.066666666666666,24.8125,-41.375,-80.4375,196558848.0,154746880.0,87195648.0,-43302912.0,4.84,14.51,-1.88,-6.48,7.25,1.21
182,1821.129,10,-0.54,18.31,0.13,33.6875,10.5625,-27.6875,-4.8566666666666665,1.1477777777777778,19.717777777777776,12.3125,-30.9375,-79.5625,202768384.0,157876224.0,74416128.0,-21938176.0,4.5,10.04,-1.38,-5.04,8.26,1.51
183,1833.1589999999999,12,1.24,12.02,-1.52,36.6875,-9.375,-26.0625,-4.7411111111111115,-0.6877777777777778,18.572222222222223,1.5625,-21.0,-77.8125,207634432.0,159137792.0,60063744.0,-2867200.0,4.76,3.08,-3.45,-3.51,8.94,1.93
184,1840.693,7,1.98,12.28,-4.38,36.6875,-9.375,-26.0625,-3.667777777777778,-2.3922222222222222,15.391111111111112,353.6875,-12.5625,-76.0,210698240.0,159432704.0,45989888.0,11517952.0,4.11,2.99,-6.69,-2.13,9.28,2.31
185,1851.0690000000002,10,-2.82,19.36,-5.37,36.6875,-9.375,-26.0625,-4.31,-3.3044444444444445,11.294444444444444,348.625,-6.1875,-73.625,213680128.0,157483008.0,33832960.0,21233664.0,-1.76,10.0,-8.12,-1.05,9.35,2.74
186,1861.229,10,-4.44,17.77,-2.77,36.6875,-9.375,-26.0625,-4.398888888888889,-3.707777777777778,7.35,346.0,-1.75,-71.1875,216629248.0,154419200.0,24100864.0,26591232.0,-4.14,8.49,-5.93,-0.3,9.27,3.15
187,1871.168,9,-5.23,16.04,-0.21,36.6875,-9.375,-26.0625,-2.8033333333333332,-3.7822222222222224,4.135555555555555,345.1875,1.0,-69.625,218497024.0,152420352.0,16809984.0,28393472.0,-5.41,6.85,-3.62,0.17,9.19,3.4
188,1883.087,11,-3.52,12.65,3.63,17.6875,-31.25,-33.0625,-0.9022222222222223,-3.531111111111111,1.6522222222222223,345.625,2.5,-69.1875,219168768.0,152059904.0,11829248.0,27607040.0,-3.96,3.49,0.15,0.43,9.15,3.47
189,1890.505,7,-2.06,12.72,4.84,17.6875,-31.25,-33.0625,0.48777777777777775,-3.081111111111111,-0.32,346.9375,2.9375,-69.5625,219004928.0,152944640.0,8912896.0,25018368.0,-2.57,3.54,1.42,0.51,9.17,3.41
190,1901.07,10,-1.44,12.84,6.02,17.6875,-31.25,-33.0625,1.1355555555555557,-2.5122222222222224,-1.8333333333333333,348.875,2.5,-70.25,218480640.0,154320896.0,7766016.0,21233664.0,-1.87,3.62,2.71,0.43,9.22,3.3
191,1911.1180000000002,10,-1.24,13.39,6.56,17.6875,-31.25,-33.0625,1.2722222222222221,-1.9077777777777778,-2.88,351.125,1.375,-71.0,217874432.0,155697152.0,8011776.0,16793600.0,-1.47,4.12,3.37,0.23,9.27,3.19
192,1921.122,10,0.42,13.74,6.09,17.6875,-31.25,-33.0625,1.068888888888889,-1.2677777777777777,-3.4722222222222223,353.5625,-0.1875,-71.5625,217366528.0,156762112.0,9355264.0,12222464.0,0.45,4.43,3.0,-0.03,9.3,3.09
193,1933.071,11,1.01,13.13,5.48,4.75,-32.1875,-38.6875,0.8222222222222222,-0.6511111111111111,-3.672222222222222,355.8125,-1.9375,-72.0,216956928.0,157450240.0,11468800.0,7913472.0,1.35,3.81,2.45,-0.33,9.32,3.02
194,1940.431,7,1.65,12.73,4.39,4.75,-32.1875,-38.6875,0.9044444444444445,-0.12777777777777777,-3.5411111111111113,357.8125,-3.75,-72.4375,216383488.0,158171136.0,14024704.0,4112384.0,2.3,3.4,1.45,-0.64,9.33,2.94
195,1951.1309999999999,10,1.07,11.9,2.87,4.75,-32.1875,-38.6875,1.2866666666666666,0.30666666666666664,-3.16,359.4375,-5.4375,-73.125,215433216.0,159252480.0,16728064.0,999424.0,2.01,2.56,0.05,-0.93,9.34,2.82
196,1961.219,10,0.17,11.16,2.83,4.75,-32.1875,-38.6875,1.5233333333333334,0.7022222222222222,-2.6444444444444444,0.6875,-6.9375,-73.9375,214220800.0,160579584.0,19464192.0,-1294336.0,1.36,1.8,0.15,-1.19,9.35,2.68
197,1971.1870000000001,9,-0.46,10.61,3.13,4.75,-32.1875,-38.6875,1.5455555555555556,1.038888888888889,-2.121111111111111,1.5,-8.1875,-74.8125,212910080.0,161955840.0,22118400.0,-2801664.0,0.93,1.24,0.59,-1.4,9.36,2.53
198,1983.252,12,-0.77,10.24,3.24,6.6875,-32.75,-37.375,1.4222222222222223,1.2677777777777777,-1.63,1.9375,-9.25,-75.6875,211648512.0,163233792.0,24641536.0,-3620864.0,0.8,0.86,0.85,-1.58,9.37,2.38
199,1990.288,7,-1.7,10.17,3.31,6.6875,-32.75,-37.375,1.1711111111111112,1.4022222222222223,-1.1922222222222223,2.0625,-10.0625,-76.4375,210534400.0,164282368.0,26951680.0,-3866624.0,0.0,0.78,1.05,-1.71,9.38,2.26
200,2001.1359999999997,10,-2.33,10.37,3.33,6.6875,-32.75,-37.375,0.8077777777777778,1.441111111111111,-0.8166666666666667,2.0,-10.6875,-77.0,209698816.0,165003264.0,29016064.0,-3670016.0,-0.51,0.98,1.16,-1.82,9.38,2.16
201,2011.1390000000001,10,-2.89,10.42,3.42,6.6875,-32.75,-37.375,0.30333333333333334,1.4022222222222223,-0.5233333333333333,1.6875,-11.125,-77.25,209256448.0,165265408.0,30818304.0,-3129344.0,-0.99,1.04,1.3,-1.89,9.38,2.11
202,2021.439,10,-2.86,9.27,2.4,6.6875,-32.75,-37.375,-0.24444444444444444,1.2977777777777777,-0.36,1.3125,-11.4375,-77.25,209256448.0,164970496.0,32391168.0,-2424832.0,-0.9,-0.09,0.29,-1.95,9.37,2.11
203,2033.1359999999997,11,-1.86,8.78,1.23,11.6875,-34.25,-34.0625,-0.6811111111111111,1.1822222222222223,-0.3322222222222222,0.9375,-11.8125,-77.0,209584128.0,164265984.0,33832960.0,-1736704.0,0.14,-0.57,-0.91,-2.0,9.35,2.15
204,2040.1660000000002,7,-1.24,8.59,0.42,11.6875,-34.25,-34.0625,-0.6633333333333333,1.06,-0.36333333333333334,0.625,-12.125,-76.75,209928192.0,163545088.0,35176448.0,-1163264.0,0.81,-0.73,-1.76,-2.06,9.33,2.18
205,2051.174,11,-1.6,8.85,-0.03,11.6875,-34.25,-34.0625,-0.07555555555555556,0.9077777777777778,-0.3466666666666667,0.375,-12.375,-76.8125,209829888.0,163414016.0,36356096.0,-786432.0,0.5,-0.47,-2.21,-2.11,9.32,2.17
206,2061.297,10,-2.81,9.69,0.48,11.6875,-34.25,-34.0625,0.6588888888888889,0.7277777777777777,-0.25333333333333335,0.3125,-12.625,-77.25,209190912.0,164020224.0,37273600.0,-589824.0,-0.66,0.35,-1.61,-2.14,9.33,2.1
207,2071.2769999999996,9,-2.71,9.82,0.92,11.6875,-34.25,-34.0625,1.1455555555555557,0.5855555555555556,-0.12666666666666668,0.25,-12.75,-77.9375,208191488.0,165134336.0,37961728.0,-458752.0,-0.54,0.46,-1.06,-2.17,9.35,1.99
208,2083.2039999999997,11,-2.51,9.9,1.57,13.5625,-34.25,-32.75,1.318888888888889,0.49,-0.021111111111111112,0.125,-12.8125,-78.75,207060992.0,166445056.0,38453248.0,-327680.0,-0.33,0.52,-0.28,-2.18,9.37,1.86
209,2090.286,7,-2.87,9.43,2.69,13.5625,-34.25,-32.75,1.0944444444444446,0.43777777777777777,0.028888888888888888,0.0625,-12.875,-79.375,206110720.0,167526400.0,38862848.0,-163840.0,-0.69,0.04,0.93,-2.18,9.39,1.75
210,2101.264,10,-3.02,9.24,2.93,13.5625,-34.25,-32.75,0.5922222222222222,0.41,0.023333333333333334,359.9375,-12.875,-79.75,205570048.0,168099840.0,39239680.0,81920.0,-0.82,-0.16,1.23,-2.19,9.4,1.69
211,2111.3019999999997,10,-3.08,9.27,2.71,13.5625,-34.25,-32.75,0.03,0.36333333333333334,-0.013333333333333334,359.75,-12.9375,-79.8125,205471744.0,168132608.0,39616512.0,360448.0,-0.88,-0.13,1.02,-2.19,9.4,1.68
212,2121.2529999999997,9,-3.01,9.16,2.36,13.5625,-34.25,-32.75,-0.47888888888888886,0.33111111111111113,-0.052222222222222225,359.625,-13.0,-79.5625,205799424.0,167657472.0,39976960.0,655360.0,-0.8,-0.23,0.63,-2.2,9.39,1.72
213,2133.226,11,-2.31,8.92,1.47,15.75,-34.0,-31.25,-0.7577777777777778,0.30777777777777776,-0.07111111111111111,359.4375,-13.0625,-79.1875,206340096.0,166903808.0,40337408.0,983040.0,-0.09,-0.46,-0.3,-2.22,9.38,1.78
214,2140.851,7,-2.17,8.81,1.05,15.75,-34.0,-31.25,-0.7422222222222222,0.2677777777777778,-0.06555555555555556,359.25,-13.125,-78.8125,206880768.0,166150144.0,40648704.0,1261568.0,0.05,-0.55,-0.78,-2.23,9.36,1.84
215,2151.231,10,-2.27,8.64,0.94,15.75,-34.0,-31.25,-0.45555555555555555,0.20777777777777778,-0.052222222222222225,359.1875,-13.1875,-78.625,207192064.0,165691392.0,40878080.0,1474560.0,-0.03,-0.71,-0.93,-2.23,9.36,1.87
216,2161.333,10,-2.5,8.71,1.34,15.75,-34.0,-31.25,-0.05444444444444444,0.1288888888888889,-0.06444444444444444,359.125,-13.25,-78.625,207208448.0,165625856.0,41058304.0,1523712.0,-0.25,-0.64,-0.54,-2.24,9.35,1.88
217,2171.392,10,-2.54,8.66,1.62,15.75,-34.0,-31.25,0.18444444444444444,0.057777777777777775,-0.1288888888888889,359.1875,-13.3125,-78.6875,207060992.0,165773312.0,41222144.0,1392640.0,-0.28,-0.69,-0.23,-2.26,9.35,1.86
218,2183.239,11,-2.81,8.43,1.88,16.0625,-34.6875,-31.1875,0.18444444444444444,0.02666666666666667,-0.2388888888888889,359.3125,-13.4375,-78.8125,206913536.0,165920768.0,41435136.0,1146880.0,-0.53,-0.91,0.03,-2.28,9.35,1.84
219,2190.711,7,-3.02,8.27,2.07,16.0625,-34.6875,-31.1875,0.01888888888888889,0.028888888888888888,-0.3711111111111111,359.5,-13.625,-78.8125,206880768.0,165855232.0,41762816.0,802816.0,-0.7,-1.07,0.22,-2.31,9.34,1.84
220,2201.2290000000003,10,-2.71,8.73,2.05,16.0625,-34.6875,-31.1875,-0.15444444444444444,0.042222222222222223,-0.4633333333333333,359.75,-13.875,-78.75,206995456.0,165609472.0,42172416.0,409600.0,-0.35,-0.6,0.2,-2.35,9.33,1.85
221,2211.296,10,-2.52,9.04,1.91,16.0625,-34.6875,-31.1875,-0.29444444444444445,0.07777777777777778,-0.4677777777777778,359.9375,-14.125,-78.5625,207224832.0,165232640.0,42614784.0,65536.0,-0.12,-0.27,0.03,-2.4,9.32,1.88
222,2221.282,9,-2.45,9.08,1.71,16.0625,-34.6875,-31.1875,-0.37333333333333335,0.12555555555555556,-0.3933333333333333,0.0625,-14.375,-78.375,207486976.0,164790272.0,43040768.0,-147456.0,-0.01,-0.21,-0.19,-2.43,9.3,1.91
223,2233.252,11,-2.35,8.94,1.63,16.875,-34.0,-32.75,-0.36,0.16333333333333333,-0.2822222222222222,0.0625,-14.5,-78.1875,207732736.0,164364288.0,43433984.0,-212992.0,0.11,-0.34,-0.3,-2.46,9.29,1.93
224,2240.514,7,-2.39,8.75,1.68,16.875,-34.0,-32.75,-0.2822222222222222,0.18222222222222223,-0.16555555555555557,0.0625,-14.625,-78.0625,207912960.0,164052992.0,43745280.0,-180224.0,0.08,-0.52,-0.27,-2.48,9.28,1.96
225,2251.232,10,-2.47,8.73,1.68,16.875,-34.0,-32.75,-0.23222222222222222,0.18555555555555556,-0.06333333333333334,0.0,-14.6875,-77.9375,208060416.0,163807232.0,43974656.0,-49152.0,0.02,-0.53,-0.29,-2.49,9.27,1.97
226,2261.37,10,-2.54,8.67,1.75,16.875,-34.0,-32.75,-0.23555555555555555,0.1988888888888889,0.014444444444444444,359.875,-14.6875,-77.8125,208207872.0,163577856.0,44154880.0,163840.0,-0.04,-0.6,-0.23,-2.49,9.27,1.99
227,2271.3390000000004,9,-2.83,8.54,1.72,16.875,-34.0,-32.75,-0.23444444444444446,0.20777777777777778,0.07555555555555556,359.75,-14.6875,-77.75,208338944.0,163364864.0,44302336.0,458752.0,-0.34,-0.72,-0.27,-2.49,9.26,2.0
228,2283.2560000000003,11,-2.89,8.74,1.71,16.875,-32.75,-31.1875,-0.20666666666666667,0.22444444444444445,0.1388888888888889,359.5,-14.625,-77.6875,208453632.0,163184640.0,44417024.0,802816.0,-0.4,-0.52,-0.3,-2.48,9.26,2.02
229,2290.356,7,-2.88,8.95,1.74,16.875,-32.75,-31.1875,-0.18333333333333332,0.2733333333333333,0.22111111111111112,359.25,-14.5625,-77.625,208535552.0,163053568.0,44515328.0,1277952.0,-0.41,-0.31,-0.28,-2.47,9.27,2.03
230,2301.325,10,-2.89,9.12,1.67,16.875,-32.75,-31.1875,-0.17444444444444446,0.33666666666666667,0.31222222222222223,358.9375,-14.4375,-77.5625,208601088.0,162938880.0,44613632.0,1884160.0,-0.44,-0.15,-0.36,-2.44,9.27,2.03
231,2311.3199999999997,9,-2.79,8.91,1.45,16.875,-32.75,-31.1875,-0.14777777777777779,0.43222222222222223,0.37666666666666665,358.5,-14.3125,-77.5625,208617472.0,162873344.0,44744704.0,2621440.0,-0.37,-0.36,-0.58,-2.42,9.28,2.04
232,2321.319,9,-2.85,8.9,1.39,16.875,-32.75,-31.1875,-0.056666666666666664,0.5177777777777778,0.4033333333333333,358.0625,-14.125,-77.625,208551936.0,162889728.0,44941312.0,3440640.0,-0.45,-0.38,-0.63,-2.39,9.28,2.03
233,2333.423,12,-3.01,8.98,1.46,17.0,-32.75,-31.1875,0.058888888888888886,0.5677777777777778,0.3977777777777778,357.625,-14.0,-77.75,208371712.0,163020800.0,45203456.0,4259840.0,-0.63,-0.31,-0.55,-2.37,9.29,2.01
234,2340.432,7,-3.15,9.2,1.43,17.0,-32.75,-31.1875,0.15,0.5888888888888889,0.36333333333333334,357.1875,-13.875,-77.875,208125952.0,163233792.0,45498368.0,5046272.0,-0.8,-0.1,-0.55,-2.35,9.3,1.98
235,2351.251,10,-3.28,9.34,1.35,17.0,-32.75,-31.1875,0.2311111111111111,0.5822222222222222,0.3088888888888889,356.8125,-13.75,-78.125,207798272.0,163528704.0,45842432.0,5750784.0,-0.94,0.02,-0.6,-2.33,9.32,1.95
236,2361.33,10,-3.4,9.5,1.26,17.0,-32.75,-31.1875,0.30666666666666664,0.5377777777777778,0.22333333333333333,356.5,-13.6875,-78.375,207437824.0,163856384.0,46219264.0,6324224.0,-1.07,0.17,-0.64,-2.32,9.33,1.91
237,2371.346,10,-3.53,9.48,1.36,17.0,-32.75,-31.1875,0.3322222222222222,0.46111111111111114,0.10666666666666667,356.25,-13.6875,-78.625,207077376.0,164200448.0,46596096.0,6717440.0,-1.2,0.14,-0.5,-2.32,9.33,1.87
238,2383.295,11,-3.41,9.6,1.59,19.5625,-32.75,-31.1875,0.31777777777777777,0.3611111111111111,-0.04,356.125,-13.75,-78.8125,206749696.0,164495360.0,46989312.0,6897664.0,-1.08,0.26,-0.24,-2.33,9.34,1.84
239,2390.29,6,-3.36,9.63,1.62,19.5625,-32.75,-31.1875,0.24222222222222223,0.24444444444444444,-0.19333333333333333,356.1875,-13.875,-79.0,206503936.0,164675584.0,47398912.0,6832128.0,-1.0,0.29,-0.19,-2.35,9.34,1.81
240,2401.315,11,-3.28,9.66,1.69,19.5625,-32.75,-31.1875,0.09666666666666666,0.1388888888888889,-0.3288888888888889,356.3125,-14.0625,-79.0625,206405632.0,164691968.0,47792128.0,6602752.0,-0.89,0.32,-0.1,-2.38,9.33,1.8
241,2411.3129999999996,9,-3.04,9.5,1.68,19.5625,-32.75,-31.1875,-0.06,0.04777777777777778,-0.41888888888888887,356.5,-14.3125,-79.0,206454784.0,164528128.0,48168960.0,6242304.0,-0.61,0.17,-0.12,-2.42,9.32,1.8
242,2421.37,10,-3.1,9.31,1.71,19.5625,-32.75,-31.1875,-0.20444444444444446,-0.016666666666666666,-0.4533333333333333,356.75,-14.5625,-78.875,206635008.0,164233216.0,48496640.0,5832704.0,-0.64,0.0,-0.11,-2.46,9.31,1.82
243,2434.621,13,-3.1,9.21,1.79,18.375,-33.1875,-29.25,-0.2833333333333333,-0.06444444444444444,-0.44,356.5625,-14.75,-78.6875,206864384.0,163676160.0,49348608.0,6160384.0,-0.59,-0.08,-0.06,-2.5,9.29,1.85
244,2442.105,7,-3.04,9.36,1.7,18.375,-33.1875,-29.25,-0.31,-0.08777777777777777,-0.3788888888888889,356.75,-14.9375,-78.5,207142912.0,163282944.0,49545216.0,5783552.0,-0.5,0.08,-0.17,-2.53,9.28,1.88
245,2451.795,9,-3.1,9.39,1.54,18.375,-33.1875,-29.25,-0.3488888888888889,-0.08444444444444445,-0.28888888888888886,356.9375,-15.125,-78.3125,207437824.0,162873344.0,49676288.0,5521408.0,-0.54,0.11,-0.36,-2.56,9.27,1.91
246,2461.38,9,-3.16,9.13,1.46,18.375,-33.1875,-29.25,-0.37777777777777777,-0.06111111111111111,-0.19333333333333333,357.0,-15.1875,-78.0625,207749120.0,162463744.0,49758208.0,5373952.0,-0.58,-0.12,-0.48,-2.57,9.25,1.94
247,2472.181,10,-3.14,8.96,1.44,18.375,-33.1875,-29.25,-0.3788888888888889,-0.03,-0.12666666666666668,357.3125,-15.5625,-78.125,207683584.0,162332672.0,50495488.0,4849664.0,-0.5,-0.27,-0.49,-2.64,9.24,1.93
248,2484.455,12,-3.08,8.74,1.42,17.25,-32.75,-30.75,-0.3388888888888889,0.0033333333333333335,-0.09,357.3125,-15.625,-77.9375,207945728.0,161972224.0,50561024.0,4849664.0,-0.43,-0.49,-0.54,-2.64,9.23,1.96
249,2491.75,7,-3.03,8.78,1.44,17.25,-32.75,-30.75,-0.29,0.042222222222222223,-0.07333333333333333,357.25,-15.6875,-77.75,208158720.0,161677312.0,50659328.0,4882432.0,-0.38,-0.44,-0.55,-2.65,9.22,1.99
250,2501.498,9,-3.06,8.82,1.37,17.25,-32.75,-30.75,-0.23666666666666666,0.07444444444444444,-0.08222222222222222,357.25,-15.75,-77.625,208322560.0,161415168.0,50790400.0,4915200.0,-0.4,-0.4,-0.63,-2.66,9.22,2.01
251,2511.357,9,-3.11,8.72,1.32,17.25,-32.75,-30.75,-0.17444444444444446,0.10222222222222223,-0.09777777777777778,357.25,-15.8125,-77.5625,208437248.0,161218560.0,50970624.0,4947968.0,-0.44,-0.49,-0.69,-2.67,9.21,2.02
252,2521.404,10,-3.11,8.78,1.3,17.25,-32.75,-30.75,-0.08777777777777777,0.13333333333333333,-0.13,357.25,-15.875,-77.5625,208470016.0,161087488.0,51200000.0,4931584.0,-0.42,-0.42,-0.72,-2.68,9.2,2.02
253,2534.501,13,-3.17,8.91,1.34,18.5,-31.6875,-31.5625,0.0011111111111111111,0.15777777777777777,-0.15888888888888889,357.1875,-16.0,-77.5625,208437248.0,161005568.0,51593216.0,5046272.0,-0.47,-0.28,-0.68,-2.7,9.2,2.02
254,2541.499,6,-3.18,9.01,1.37,18.5,-31.6875,-31.5625,0.04111111111111111,0.18777777777777777,-0.1811111111111111,357.5,-16.4375,-78.0,207765504.0,161529856.0,52723712.0,4489216.0,-0.4,-0.18,-0.57,-2.78,9.19,1.94
255,2551.701,10,-3.08,9.09,1.45,18.5,-31.6875,-31.5625,0.034444444444444444,0.21,-0.18444444444444444,357.6875,-16.8125,-78.3125,207290368.0,161873920.0,53559296.0,4177920.0,-0.24,-0.09,-0.44,-2.83,9.19,1.89
256,2562.2110000000002,10,-3.19,8.95,1.44,18.5,-31.6875,-31.5625,-0.008888888888888889,0.21444444444444444,-0.17666666666666667,357.8125,-17.0625,-78.5625,206946304.0,162086912.0,54296576.0,3915776.0,-0.31,-0.22,-0.4,-2.88,9.18,1.85
257,2572.259,10,-3.18,8.85,1.49,18.5,-31.6875,-31.5625,-0.056666666666666664,0.2011111111111111,-0.15444444444444444,357.875,-17.3125,-78.6875,206716928.0,162152448.0,54935552.0,3735552.0,-0.26,-0.32,-0.33,-2.92,9.17,1.82
258,2585.623,13,-3.1,8.86,1.54,18.5,-31.25,-30.375,-0.07888888888888888,0.1811111111111111,-0.13444444444444445,357.875,-17.5,-78.8125,206585856.0,162103296.0,55574528.0,3817472.0,-0.15,-0.3,-0.27,-2.95,9.17,1.81
259,2593.3109999999997,7,-3.08,8.6,1.46,18.5,-31.25,-30.375,-0.1,0.14777777777777779,-0.11333333333333333,357.9375,-17.6875,-78.8125,206503936.0,162070528.0,56000512.0,3702784.0,-0.09,-0.56,-0.34,-2.98,9.16,1.8
260,2601.266,7,-3.06,8.49,1.44,18.5,-31.25,-30.375,-0.11222222222222222,0.11222222222222222,-0.11333333333333333,357.9375,-17.75,-78.8125,206553088.0,161923072.0,56197120.0,3719168.0,-0.07,-0.66,-0.36,-2.99,9.16,1.81
261,2611.415,10,-3.08,8.43,1.36,18.5,-31.25,-30.375,-0.09555555555555556,0.08222222222222222,-0.13,357.9375,-17.8125,-78.75,206618624.0,161792000.0,56377344.0,3670016.0,-0.07,-0.72,-0.45,-3.0,9.15,1.81
262,2621.664,10,-3.09,8.35,1.23,18.5,-31.25,-30.375,-0.06333333333333334,0.07222222222222222,-0.15555555555555556,358.0,-17.9375,-78.6875,206651392.0,161677312.0,56573952.0,3604480.0,-0.07,-0.79,-0.58,-3.02,9.14,1.82
263,2634.794,13,-3.14,8.33,1.2,20.0,-32.0625,-30.75,-0.016666666666666666,0.06777777777777778,-0.18444444444444444,358.0,-18.0625,-78.6875,206635008.0,161595392.0,56836096.0,3538944.0,-0.1,-0.81,-0.61,-3.04,9.14,1.81
264,2642.831,8,-3.2,8.34,1.22,20.0,-32.0625,-30.75,0.034444444444444444,0.07777777777777778,-0.21,358.125,-18.125,-78.75,206602240.0,161579008.0,57065472.0,3375104.0,-0.14,-0.79,-0.59,-3.06,9.13,1.81
265,2650.924,8,-3.16,8.33,1.23,20.0,-32.0625,-30.75,0.057777777777777775,0.08555555555555555,-0.22666666666666666,358.1875,-18.3125,-78.75,206536704.0,161562624.0,57327616.0,3211264.0,-0.08,-0.79,-0.57,-3.08,9.13,1.8
266,2661.475,10,-3.07,8.3,1.39,20.0,-32.0625,-30.75,0.07111111111111111,0.09444444444444444,-0.23222222222222222,358.3125,-18.4375,-78.8125,206454784.0,161579008.0,57606144.0,3031040.0,0.02,-0.82,-0.39,-3.1,9.12,1.79
267,2672.64,11,-3.03,8.21,1.43,20.0,-32.0625,-30.75,0.07444444444444444,0.08666666666666667,-0.23555555555555555,358.4375,-18.625,-78.9375,206241792.0,161693696.0,58064896.0,2719744.0,0.1,-0.9,-0.34,-3.13,9.11,1.77
268,2685.5229999999997,12,-3.04,8.17,1.46,20.375,-31.0,-32.0625,0.06444444444444444,0.06888888888888889,-0.2388888888888889,358.625,-18.8125,-79.0625,206094336.0,161726464.0,58441728.0,2457600.0,0.12,-0.93,-0.29,-3.16,9.11,1.75
269,2693.378,7,-3.05,8.18,1.52,20.375,-31.0,-32.0625,0.03666666666666667,0.04666666666666667,-0.24333333333333335,358.75,-19.0,-79.125,206028800.0,161726464.0,58753024.0,2211840.0,0.14,-0.91,-0.22,-3.19,9.1,1.74
270,2702.1600000000003,8,-3.1,8.06,1.58,20.375,-31.0,-32.0625,-0.0022222222222222222,0.025555555555555557,-0.23777777777777778,358.875,-19.125,-79.125,206012416.0,161660928.0,58966016.0,1982464.0,0.11,-1.02,-0.16,-3.21,9.09,1.74
271,2712.18,10,-3.07,8.07,1.52,20.375,-31.0,-32.0625,-0.023333333333333334,-0.0022222222222222222,-0.21666666666666667,359.0,-19.25,-79.0625,206045184.0,161562624.0,59146240.0,1769472.0,0.16,-1.01,-0.22,-3.23,9.08,1.74
272,2722.239,10,-3.09,8.06,1.52,20.375,-31.0,-32.0625,-0.03,-0.021111111111111112,-0.17666666666666667,359.125,-19.375,-79.0625,206061568.0,161497088.0,59277312.0,1572864.0,0.15,-1.01,-0.22,-3.25,9.08,1.75
273,2735.733,13,-3.14,8.09,1.52,22.5625,-31.0,-30.875,-0.035555555555555556,-0.028888888888888888,-0.12444444444444444,358.875,-19.4375,-79.0,206094336.0,161251328.0,59817984.0,2015232.0,0.12,-0.98,-0.22,-3.26,9.07,1.75
274,2743.7999999999997,8,-3.17,8.1,1.54,22.5625,-31.0,-30.875,-0.042222222222222223,-0.022222222222222223,-0.06777777777777778,358.875,-19.5,-79.0,206127104.0,161185792.0,59867136.0,1933312.0,0.09,-0.97,-0.21,-3.27,9.07,1.75
275,2751.484,7,-3.17,8.13,1.49,22.5625,-31.0,-30.875,-0.05444444444444444,-0.015555555555555555,-0.012222222222222223,358.9375,-19.5,-78.9375,206176256.0,161136640.0,59867136.0,1900544.0,0.09,-0.94,-0.26,-3.27,9.07,1.76
276,2762.172,10,-3.21,8.09,1.48,22.5625,-31.0,-30.875,-0.06111111111111111,-0.011111111111111112,0.022222222222222223,358.875,-19.5,-78.9375,206209024.0,161071104.0,59867136.0,1916928.0,0.05,-0.97,-0.28,-3.27,9.07,1.76
277,2772.199,10,-3.19,8.05,1.49,22.5625,-31.0,-30.875,-0.05555555555555555,-0.011111111111111112,0.042222222222222223,358.875,-19.5,-78.9375,206258176.0,161038336.0,59850752.0,1949696.0,0.07,-1.01,-0.27,-3.27,9.07,1.77
278,2785.4739999999997,13,-3.17,8.03,1.5,19.1875,-31.6875,-31.25,-0.04555555555555556,-0.025555555555555557,0.04888888888888889,359.1875,-19.4375,-78.875,206290944.0,161153024.0,59408384.0,1458176.0,0.09,-1.03,-0.26,-3.27,9.07,1.77
279,2793.0480000000002,7,-3.2,8.08,1.53,19.1875,-31.6875,-31.25,-0.025555555555555557,-0.04111111111111111,0.04555555555555556,359.1875,-19.4375,-78.875,206323712.0,161136640.0,59359232.0,1458176.0,0.06,-0.98,-0.24,-3.26,9.07,1.78
280,2802.1349999999998,9,-3.23,8.2,1.58,19.1875,-31.6875,-31.25,0.0022222222222222222,-0.058888888888888886,0.04777777777777778,359.1875,-19.4375,-78.875,206323712.0,161153024.0,59293696.0,1425408.0,0.03,-0.86,-0.19,-3.26,9.07,1.78
281,2812.0319999999997,9,-3.14,8.25,1.57,19.1875,-31.6875,-31.25,0.028888888888888888,-0.06777777777777778,0.051111111111111114,359.1875,-19.375,-78.875,206323712.0,161185792.0,59211776.0,1409024.0,0.11,-0.81,-0.2,-3.26,9.07,1.78
282,2822.137,10,-3.18,8.26,1.66,19.1875,-31.6875,-31.25,0.035555555555555556,-0.07777777777777778,0.058888888888888886,359.1875,-19.375,-78.875,206307328.0,161234944.0,59097088.0,1376256.0,0.07,-0.8,-0.11,-3.25,9.07,1.77
283,2835.267,13,-3.26,8.35,1.75,20.0,-31.0,-32.0625,0.016666666666666666,-0.08,0.07333333333333333,359.3125,-19.3125,-78.875,206323712.0,161316864.0,58851328.0,1179648.0,0.0,-0.72,-0.02,-3.25,9.07,1.78
284,2842.371,7,-3.18,8.52,1.82,20.0,-31.0,-32.0625,-0.02,-0.07777777777777778,0.09333333333333334,359.3125,-19.3125,-78.875,206372864.0,161316864.0,58703872.0,1228800.0,0.05,-0.55,0.04,-3.24,9.08,1.78
285,2851.537,9,-3.15,8.48,1.9,20.0,-31.0,-32.0625,-0.07777777777777778,-0.08,0.12444444444444444,359.25,-19.1875,-78.8125,206454784.0,161284096.0,58523648.0,1310720.0,0.08,-0.6,0.1,-3.23,9.08,1.79
286,2861.568,10,-3.13,8.48,1.92,20.0,-31.0,-32.0625,-0.12666666666666668,-0.09666666666666666,0.15888888888888889,359.1875,-19.125,-78.6875,206569472.0,161202176.0,58310656.0,1425408.0,0.08,-0.6,0.12,-3.21,9.08,1.8
287,2871.48,9,-3.17,8.49,1.94,20.0,-31.0,-32.0625,-0.15555555555555556,-0.11666666666666667,0.19,359.125,-19.0,-78.625,206716928.0,161103872.0,58048512.0,1556480.0,0.02,-0.58,0.11,-3.19,9.08,1.82
288,2884.684,13,-3.16,8.48,1.9,19.5625,-31.25,-32.0625,-0.17666666666666667,-0.14,0.2111111111111111,359.1875,-18.875,-78.5,206897152.0,161054720.0,57524224.0,1441792.0,0.01,-0.6,0.05,-3.17,9.09,1.84
289,2891.714,7,-3.18,8.57,1.86,19.5625,-31.25,-32.0625,-0.17777777777777778,-0.14777777777777779,0.21666666666666667,359.125,-18.75,-78.375,207077376.0,160923648.0,57229312.0,1572864.0,-0.02,-0.51,0.0,-3.15,9.09,1.86
290,2902.299,10,-3.2,8.57,1.8,19.5625,-31.25,-32.0625,-0.16,-0.14777777777777779,0.20222222222222222,359.0625,-18.625,-78.25,207241216.0,160808960.0,56950784.0,1687552.0,-0.06,-0.52,-0.07,-3.13,9.09,1.88
291,2912.62,10,-3.25,8.59,1.8,19.5625,-31.25,-32.0625,-0.12444444444444444,-0.14333333333333334,0.17555555555555555,359.0,-18.5625,-78.1875,207388672.0,160727040.0,56688640.0,1753088.0,-0.12,-0.49,-0.09,-3.12,9.09,1.9
292,2922.335,9,-3.2,8.61,1.81,19.5625,-31.25,-32.0625,-0.08444444444444445,-0.13333333333333333,0.13777777777777778,359.0,-18.4375,-78.125,207486976.0,160677888.0,56475648.0,1785856.0,-0.09,-0.48,-0.09,-3.11,9.1,1.91
293,2935.598,13,-3.15,8.63,1.87,20.6875,-30.5625,-30.0,-0.05444444444444444,-0.10555555555555556,0.09444444444444444,358.875,-18.4375,-78.0625,207552512.0,160579584.0,56475648.0,1998848.0,-0.04,-0.46,-0.04,-3.1,9.1,1.91
294,2946.303,10,-3.17,8.61,1.88,20.6875,-30.5625,-30.0,-0.024444444444444446,-0.08444444444444445,0.052222222222222225,358.875,-18.375,-78.0625,207601664.0,160563200.0,56377344.0,1982464.0,-0.08,-0.48,-0.03,-3.09,9.1,1.92
295,2954.837,8,-3.17,8.6,1.96,20.6875,-30.5625,-30.0,0.008888888888888889,-0.06,0.022222222222222223,358.875,-18.375,-78.0,207618048.0,160563200.0,56311808.0,1933312.0,-0.08,-0.49,0.04,-3.09,9.1,1.92
296,2964.371,9,-3.16,8.59,1.97,20.6875,-30.5625,-30.0,0.02666666666666667,-0.042222222222222223,0.0033333333333333335,358.9375,-18.375,-78.0,207618048.0,160563200.0,56295424.0,1867776.0,-0.06,-0.51,0.04,-3.09,9.1,1.92
297,2972.377,8,-3.15,8.57,2.0,20.6875,-30.5625,-30.0,0.03222222222222222,-0.028888888888888888,-0.011111111111111112,359.0,-18.4375,-78.0,207618048.0,160579584.0,56295424.0,1802240.0,-0.04,-0.53,0.07,-3.1,9.1,1.92
298,2985.5190000000002,13,-3.15,8.63,2.02,20.0,-32.0625,-32.0,0.035555555555555556,-0.02,-0.012222222222222223,359.0,-18.4375,-78.0,207601664.0,160579584.0,56295424.0,1753088.0,-0.05,-0.46,0.1,-3.1,9.1,1.92
299,2993.225,7,-3.15,8.64,2.03,20.0,-32.0625,-32.0,0.02666666666666667,-0.014444444444444444,-0.0011111111111111111,359.0,-18.4375,-78.0,207601664.0,160579584.0,56295424.0,1720320.0,-0.04,-0.45,0.1,-3.1,9.1,1.92
300,0.0,0,-2.92,8.46,2.02,20.25,-31.25,-34.0625,-0.2222222222222222,-0.058888888888888886,-0.02666666666666667,358.0625,-17.3125,-78.0625,207601664.0,161218560.0,54394880.0,3506176.0,0.0,-0.69,0.09,-2.91,9.16,1.92
301,11.270000000000001,11,-2.87,8.4,1.97,21.75,-32.5,-33.5625,-0.22666666666666666,-0.05333333333333334,-0.006666666666666667,357.8125,-17.3125,-77.9375,207781888.0,160874496.0,54657024.0,3948544.0,0.04,-0.75,0.03,-2.91,9.15,1.94
302,19.741000000000003,8,-2.87,8.25,1.96,21.75,-32.5,-33.5625,-0.21222222222222223,-0.043333333333333335,0.006666666666666667,357.8125,-17.25,-77.8125,207962112.0,160661504.0,54607872.0,3964928.0,0.04,-0.89,0.0,-2.91,9.15,1.96
303,28.145,8,-2.95,8.25,2.0,21.75,-32.5,-33.5625,-0.19,-0.035555555555555556,0.017777777777777778,357.75,-17.25,-77.75,208109568.0,160481280.0,54558720.0,3997696.0,-0.03,-0.89,0.02,-2.91,9.15,1.98
304,38.173,10,-3.01,8.32,2.06,21.75,-32.5,-33.5625,-0.15333333333333332,-0.04111111111111111,0.03333333333333333,357.75,-17.25,-77.625,208240640.0,160350208.0,54493184.0,4046848.0,-0.1,-0.82,0.06,-2.91,9.14,2.0
305,48.216,10,-3.02,8.35,2.06,21.75,-32.5,-33.5625,-0.1288888888888889,-0.04666666666666667,0.06444444444444444,357.6875,-17.1875,-77.5625,208338944.0,160235520.0,54394880.0,4112384.0,-0.12,-0.79,0.04,-2.9,9.14,2.01
306,61.236,13,-2.97,8.35,2.08,18.0,-31.6875,-32.375,-0.10666666666666667,-0.056666666666666664,0.10222222222222223,357.8125,-17.125,-77.5,208437248.0,160219136.0,54034432.0,3915776.0,-0.08,-0.78,0.06,-2.89,9.14,2.02
307,69.40100000000001,8,-2.85,8.4,2.07,18.0,-31.6875,-32.375,-0.0811111111111111,-0.058888888888888886,0.1322222222222222,357.75,-17.0625,-77.4375,208535552.0,160137216.0,53903360.0,3981312.0,0.03,-0.74,0.03,-2.88,9.14,2.03
308,78.384,8,-2.85,8.4,2.12,18.0,-31.6875,-32.375,-0.06111111111111111,-0.06333333333333334,0.14222222222222222,357.75,-17.0,-77.375,208617472.0,160088064.0,53755904.0,4063232.0,0.02,-0.74,0.07,-2.87,9.14,2.04
309,88.952,10,-2.69,8.45,2.08,18.0,-31.6875,-32.375,-0.035555555555555556,-0.06666666666666667,0.14,357.6875,-16.9375,-77.3125,208683008.0,160055296.0,53592064.0,4145152.0,0.16,-0.69,0.03,-2.86,9.15,2.05
310,99.08699999999999,10,-2.68,8.52,2.17,18.0,-31.6875,-32.375,-0.011111111111111112,-0.06888888888888889,0.1288888888888889,357.625,-16.875,-77.3125,208715776.0,160071680.0,53428224.0,4227072.0,0.16,-0.62,0.11,-2.85,9.15,2.05
311,112.016,12,-2.72,8.6,2.2,19.5,-31.6875,-35.25,0.005555555555555556,-0.07555555555555556,0.12222222222222222,357.625,-16.8125,-77.3125,208748544.0,160088064.0,53215232.0,4227072.0,0.11,-0.54,0.14,-2.83,9.15,2.05
312,119.643,7,-2.74,8.77,2.22,19.5,-31.6875,-35.25,0.025555555555555557,-0.08444444444444445,0.12555555555555556,357.625,-16.75,-77.3125,208748544.0,160153600.0,53035008.0,4276224.0,0.08,-0.38,0.16,-2.82,9.16,2.05
313,127.51499999999999,7,-2.76,8.88,2.27,19.5,-31.6875,-35.25,0.027777777777777776,-0.09666666666666666,0.1411111111111111,357.5625,-16.625,-77.3125,208748544.0,160219136.0,52838400.0,4325376.0,0.04,-0.28,0.21,-2.81,9.16,2.05
314,137.794,10,-2.73,9.05,2.36,19.5,-31.6875,-35.25,0.0077777777777777776,-0.11,0.1688888888888889,357.5625,-16.5625,-77.3125,208781312.0,160268288.0,52592640.0,4423680.0,0.05,-0.11,0.3,-2.79,9.17,2.06
315,147.851,10,-2.71,9.08,2.43,19.5,-31.6875,-35.25,-0.03111111111111111,-0.13111111111111112,0.18888888888888888,357.5,-16.4375,-77.25,208830464.0,160284672.0,52314112.0,4505600.0,0.06,-0.08,0.36,-2.77,9.17,2.06
316,161.048,13,-2.69,9.1,2.46,20.5625,-32.0625,-32.0,-0.08777777777777777,-0.16,0.1922222222222222,357.1875,-16.3125,-77.1875,208928768.0,160120832.0,52379648.0,5079040.0,0.06,-0.07,0.38,-2.75,9.17,2.08
317,169.186,8,-2.67,9.11,2.45,20.5625,-32.0625,-32.0,-0.15444444444444444,-0.1922222222222222,0.17777777777777778,357.125,-16.1875,-77.0625,209076224.0,160022528.0,52051968.0,5144576.0,0.06,-0.06,0.35,-2.73,9.17,2.09
318,177.78,8,-2.65,9.14,2.35,20.5625,-32.0625,-32.0,-0.22555555555555556,-0.21555555555555556,0.15333333333333332,357.125,-16.0625,-76.9375,209305600.0,159842304.0,51707904.0,5193728.0,0.06,-0.03,0.23,-2.71,9.17,2.12
319,187.87,10,-2.63,9.13,2.3,20.5625,-32.0625,-32.0,-0.29444444444444445,-0.23,0.12555555555555556,357.125,-16.0,-76.75,209584128.0,159580160.0,51380224.0,5210112.0,0.07,-0.04,0.14,-2.7,9.17,2.15
320,198.912,11,-2.58,9.19,2.29,20.5625,-32.0625,-32.0,-0.33666666666666667,-0.23222222222222222,0.11222222222222222,357.125,-15.875,-76.5,209895424.0,159268864.0,51036160.0,5242880.0,0.1,0.02,0.1,-2.68,9.17,2.19
321,210.704,11,-2.59,9.35,2.2,18.375,-32.0625,-33.5625,-0.3566666666666667,-0.23333333333333334,0.11333333333333333,357.125,-15.8125,-76.3125,210223104.0,158941184.0,50708480.0,5259264.0,0.08,0.18,-0.02,-2.67,9.16,2.22
322,218.196,7,-2.67,9.37,2.22,18.375,-32.0625,-33.5625,-0.38555555555555554,-0.21777777777777776,0.13,357.0625,-15.6875,-76.0625,210567168.0,158597120.0,50380800.0,5324800.0,-0.01,0.21,-0.04,-2.65,9.16,2.26
323,231.953,13,-2.59,9.43,2.17,18.375,-32.0625,-33.5625,-0.39444444444444443,-0.20444444444444446,0.14888888888888888,357.0,-15.5625,-75.8125,210894848.0,158253056.0,50053120.0,5406720.0,0.04,0.27,-0.13,-2.64,9.15,2.3
324,240.343,8,-2.6,9.41,2.18,18.375,-32.0625,-33.5625,-0.4111111111111111,-0.19333333333333333,0.15666666666666668,357.0,-15.5,-75.5625,211238912.0,157892608.0,49725440.0,5521408.0,0.01,0.26,-0.16,-2.62,9.15,2.34
325,248.65599999999998,8,-2.71,9.27,2.25,18.375,-32.0625,-33.5625,-0.4488888888888889,-0.19333333333333333,0.15,356.9375,-15.375,-75.3125,211615744.0,157499392.0,49414144.0,5636096.0,-0.1,0.12,-0.13,-2.6,9.14,2.39
326,260.881,12,-2.69,9.23,2.24,17.25,-31.25,-33.25,-0.49777777777777776,-0.21,0.12666666666666668,356.875,-15.25,-75.0625,212008960.0,157040640.0,49102848.0,5718016.0,-0.1,0.09,-0.19,-2.58,9.13,2.43
327,267.986,7,-2.64,9.29,2.22,17.25,-31.25,-33.25,-0.5355555555555556,-0.23333333333333334,0.1,356.875,-15.1875,-74.75,212434944.0,156565504.0,48791552.0,5767168.0,-0.06,0.16,-0.25,-2.57,9.12,2.48
328,278.55,10,-2.49,9.55,2.12,17.25,-31.25,-33.25,-0.5633333333333334,-0.25555555555555554,0.08666666666666667,356.875,-15.125,-74.4375,212877312.0,156073984.0,48463872.0,5799936.0,0.06,0.43,-0.41,-2.56,9.11,2.53
329,288.742,10,-2.46,9.74,2.11,17.25,-31.25,-33.25,-0.58,-0.2677777777777778,0.09333333333333334,356.8125,-15.0,-74.125,213303296.0,155582464.0,48103424.0,5849088.0,0.08,0.63,-0.46,-2.54,9.11,2.58
330,297.929,9,-2.51,10.06,2.08,17.25,-31.25,-33.25,-0.5966666666666667,-0.26,0.12,356.8125,-14.9375,-73.75,213811200.0,155025408.0,47742976.0,5914624.0,0.01,0.96,-0.56,-2.52,9.09,2.64
331,309.831,11,-2.62,10.47,2.17,16.5,-31.25,-34.0,-0.6633333333333333,-0.2388888888888889,0.1688888888888889,356.75,-14.8125,-73.375,214335488.0,154386432.0,47349760.0,6062080.0,-0.11,1.38,-0.53,-2.5,9.08,2.7
332,317.282,7,-3.17,11.03,2.42,16.5,-31.25,-34.0,-0.8066666666666666,-0.21555555555555556,0.22444444444444445,356.625,-14.625,-72.9375,214974464.0,153616384.0,46940160.0,6307840.0,-0.69,1.96,-0.35,-2.48,9.06,2.78
333,327.841,10,-3.33,10.98,2.51,16.5,-31.25,-34.0,-1.058888888888889,-0.20666666666666667,0.27111111111111114,356.4375,-14.4375,-72.3125,215777280.0,152600576.0,46497792.0,6668288.0,-0.87,1.94,-0.36,-2.45,9.04,2.87
334,337.949,10,-3.3,11.04,2.61,16.5,-31.25,-34.0,-1.3488888888888888,-0.2544444444444444,0.28555555555555556,356.25,-14.25,-71.5625,216809472.0,151289856.0,45989888.0,7077888.0,-0.87,2.02,-0.38,-2.42,9.01,3.0
335,347.9,9,-3.5,11.55,2.76,16.5,-31.25,-34.0,-1.6088888888888888,-0.35777777777777775,0.28555555555555556,356.0625,-14.0625,-70.625,218021888.0,149700608.0,45350912.0,7471104.0,-1.11,2.58,-0.38,-2.38,8.97,3.14
336,359.973,12,-3.8,12.02,2.89,15.75,-30.5625,-35.6875,-1.8277777777777777,-0.5133333333333333,0.29333333333333333,355.875,-13.8125,-69.625,219414528.0,147881984.0,44548096.0,7798784.0,-1.45,3.09,-0.41,-2.34,8.92,3.31
337,367.05,7,-4.18,12.69,2.98,15.75,-30.5625,-35.6875,-1.9977777777777779,-0.7,0.30777777777777776,355.8125,-13.5,-68.4375,220938240.0,145883136.0,43532288.0,8044544.0,-1.88,3.82,-0.51,-2.29,8.86,3.49
338,377.896,10,-4.46,13.12,3.08,15.75,-30.5625,-35.6875,-2.1866666666666665,-0.8755555555555555,0.31333333333333335,355.75,-13.1875,-67.1875,222609408.0,143671296.0,42303488.0,8224768.0,-2.22,4.32,-0.61,-2.24,8.8,3.7
339,387.91999999999996,10,-4.66,13.32,3.76,15.75,-30.5625,-35.6875,-2.453333333333333,-1.03,0.26222222222222225,355.75,-12.8125,-65.6875,224477184.0,141164544.0,40943616.0,8290304.0,-2.48,4.6,-0.16,-2.18,8.71,3.92
340,397.946,10,-4.66,13.17,4.15,15.75,-30.5625,-35.6875,-2.772222222222222,-1.1888888888888889,0.11555555555555555,355.875,-12.5,-64.0625,226525184.0,138264576.0,39469056.0,8159232.0,-2.53,4.56,-0.02,-2.12,8.61,4.17
341,410.032,12,-4.73,12.8,4.64,14.25,-28.375,-38.0625,-3.0922222222222224,-1.3555555555555556,-0.12111111111111111,356.125,-12.25,-62.25,228786176.0,134938624.0,37978112.0,7716864.0,-2.65,4.32,0.18,-2.08,8.48,4.45
342,417.101,7,-4.93,12.44,5.82,14.25,-28.375,-38.0625,-3.3444444444444446,-1.5555555555555556,-0.43,356.5625,-12.0,-60.25,231194624.0,131268608.0,36421632.0,6848512.0,-2.88,4.12,1.06,-2.04,8.32,4.75
343,427.865,10,-4.96,12.55,6.37,14.25,-28.375,-38.0625,-3.502222222222222,-1.7777777777777777,-0.7588888888888888,357.25,-11.875,-58.125,233668608.0,127320064.0,34832384.0,5505024.0,-2.93,4.4,1.31,-2.02,8.15,5.06
344,437.99100000000004,10,-5.03,12.6,7.1,14.25,-28.375,-38.0625,-3.5833333333333335,-2.006666666666667,-1.048888888888889,358.1875,-11.75,-55.875,236158976.0,123191296.0,33128448.0,3719168.0,-3.03,4.65,1.73,-2.0,7.95,5.37
345,448.518,10,-5.07,12.6,7.91,14.25,-28.375,-38.0625,-3.581111111111111,-2.2133333333333334,-1.29,359.25,-11.625,-53.6875,238567424.0,118980608.0,31342592.0,1540096.0,-3.08,4.86,2.23,-1.98,7.73,5.68
346,460.63300000000004,12,-5.16,11.75,9.4,12.0625,-23.1875,-42.875,-3.522222222222222,-2.3933333333333335,-1.53,0.4375,-11.5,-51.4375,240877568.0,114753536.0,29458432.0,-1015808.0,-3.19,4.23,3.42,-1.96,7.51,5.98
347,468.46999999999997,7,-5.01,10.67,9.83,12.0625,-23.1875,-42.875,-3.4055555555555554,-2.55,-1.8255555555555556,1.875,-11.375,-49.25,243023872.0,110559232.0,27541504.0,-4014080.0,-3.07,3.38,3.56,-1.94,7.28,6.27
348,477.919,9,-4.63,9.61,10.25,12.0625,-23.1875,-42.875,-3.0233333333333334,-2.648888888888889,-2.2466666666666666,3.5,-11.375,-47.1875,244858880.0,106708992.0,25706496.0,-7602176.0,-2.7,2.56,3.72,-1.93,7.05,6.52
349,487.945,10,-3.28,9.36,11.41,12.0625,-23.1875,-42.875,-2.287777777777778,-2.667777777777778,-2.801111111111111,5.5,-11.4375,-45.5625,246185984.0,103579648.0,24100864.0,-11943936.0,-1.33,2.5,4.68,-1.95,6.86,6.72
350,497.981,10,-2.6,9.9,12.28,12.0625,-23.1875,-42.875,-1.52,-2.5555555555555554,-3.4522222222222223,7.875,-11.8125,-44.25,246972416.0,101236736.0,22904832.0,-17055744.0,-0.59,3.2,5.4,-2.0,6.69,6.87
351,510.45700000000005,12,-2.02,9.94,13.02,9.5625,-15.0,-45.0,-1.1433333333333333,-2.3088888888888888,-4.1433333333333335,10.5625,-12.4375,-43.0625,247365632.0,99237888.0,22265856.0,-22904832.0,0.09,3.4,6.03,-2.11,6.54,6.99
352,517.609,7,-1.38,9.4,13.52,9.5625,-15.0,-45.0,-1.1666666666666667,-1.9877777777777779,-4.84,13.5,-13.4375,-41.8125,247513088.0,97091584.0,22331392.0,-29392896.0,0.89,3.04,6.42,-2.28,6.36,7.1
353,527.9639999999999,10,0.82,7.47,13.01,9.5625,-15.0,-45.0,-1.1577777777777778,-1.64,-5.502222222222223,16.75,-14.75,-40.5,247365632.0,94879744.0,23101440.0,-36487168.0,3.32,1.31,5.8,-2.49,6.15,7.21
354,538.034,10,1.92,6.87,12.52,9.5625,-15.0,-45.0,-0.7844444444444445,-1.2677777777777777,-6.1033333333333335,20.25,-16.3125,-39.1875,246693888.0,93028352.0,24477696.0,-44122112.0,4.68,0.91,5.23,-2.76,5.95,7.28
355,547.988,9,2.63,6.55,12.16,9.5625,-15.0,-45.0,-0.25333333333333335,-0.8044444444444444,-6.598888888888889,23.9375,-18.25,-38.125,245383168.0,91750400.0,26492928.0,-52150272.0,5.7,0.8,4.84,-3.07,5.75,7.32
356,560.2,12,2.96,6.2,11.94,5.6875,-11.25,-48.5,0.18444444444444444,-0.2311111111111111,-6.907777777777778,27.8125,-20.4375,-37.125,243499008.0,90996736.0,29179904.0,-60309504.0,6.38,0.65,4.62,-3.42,5.55,7.32
357,567.348,7,3.36,5.51,11.58,5.6875,-11.25,-48.5,0.43555555555555553,0.4177777777777778,-6.99,31.5625,-22.875,-36.25,241106944.0,90603520.0,32538624.0,-68239360.0,7.18,0.17,4.29,-3.81,5.34,7.28
358,578.0229999999999,10,3.39,4.88,11.13,5.6875,-11.25,-48.5,0.48444444444444446,1.1311111111111112,-6.815555555555555,35.125,-25.5625,-35.3125,238387200.0,90423296.0,36585472.0,-75579392.0,7.62,-0.23,3.91,-4.23,5.11,7.21
359,588.001,9,3.45,4.02,10.41,5.6875,-11.25,-48.5,0.36,1.8955555555555557,-6.415555555555556,38.375,-28.375,-34.3125,235487232.0,90341376.0,41336832.0,-82067456.0,8.12,-0.84,3.29,-4.66,4.86,7.11
360,598.01,10,3.73,1.52,8.51,5.6875,-11.25,-48.5,0.17888888888888888,2.7155555555555555,-5.8277777777777775,41.1875,-31.375,-33.375,232488960.0,90423296.0,46792704.0,-87408640.0,8.84,-3.08,1.53,-5.11,4.6,6.98
361,610.398,12,3.86,0.37,7.39,5.0,-8.875,-48.5,0.09111111111111111,3.57,-5.134444444444444,43.4375,-34.5625,-32.625,229425152.0,90816512.0,52887552.0,-91521024.0,9.42,-3.97,0.59,-5.56,4.35,6.8
362,617.529,7,4.03,-0.44,6.35,5.0,-8.875,-48.5,0.13333333333333333,4.428888888888889,-4.388888888888889,45.25,-37.875,-32.125,226246656.0,91750400.0,59523072.0,-94388224.0,10.05,-4.56,-0.19,-6.02,4.12,6.55
363,627.999,10,4.22,-1.2,5.43,5.0,-8.875,-48.5,0.23222222222222222,5.267777777777778,-3.6366666666666667,46.5625,-41.3125,-32.125,222920704.0,93290496.0,66633728.0,-96026624.0,10.7,-5.12,-0.79,-6.48,3.91,6.22
364,638.163,10,4.34,-2.25,4.02,5.0,-8.875,-48.5,0.3,6.058888888888889,-2.8855555555555554,47.4375,-44.9375,-32.75,219430912.0,95420416.0,74153984.0,-96436224.0,11.27,-6.0,-1.8,-6.93,3.75,5.83
365,648.0989999999999,9,3.82,-2.39,3.28,5.0,-8.875,-48.5,0.31222222222222223,6.774444444444445,-2.0733333333333333,47.75,-48.6875,-34.0625,215842816.0,98058240.0,81969152.0,-95584256.0,11.18,-6.01,-2.07,-7.36,3.62,5.36
366,660.3860000000001,12,3.61,-2.46,2.47,15.0,-5.875,-46.1875,0.28555555555555556,7.413333333333333,-1.13,47.4375,-52.3125,-36.4375,212172800.0,101220352.0,89915392.0,-93339648.0,11.38,-6.02,-2.34,-7.76,3.56,4.81
367,668.0970000000001,7,3.02,-1.4,0.75,15.0,-5.875,-46.1875,0.2222222222222222,7.975555555555555,-0.008888888888888889,46.4375,-55.6875,-40.25,208502784.0,104906752.0,97779712.0,-89538560.0,11.12,-4.97,-3.45,-8.1,3.57,4.2
368,677.924,9,2.82,-0.5,0.14,15.0,-5.875,-46.1875,-0.011111111111111112,8.472222222222221,1.2766666666666666,44.5625,-58.625,-45.9375,204947456.0,109002752.0,105447424.0,-83984384.0,11.19,-4.17,-3.4,-8.37,3.66,3.54
369,688.122,10,2.87,0.75,-0.32,15.0,-5.875,-46.1875,-0.5,8.863333333333333,2.7133333333333334,41.5,-60.625,-53.625,201654272.0,113295360.0,112771072.0,-76431360.0,11.41,-3.11,-3.17,-8.54,3.87,2.85
370,698.0260000000001,9,2.81,2.25,-1.15,15.0,-5.875,-46.1875,-1.2166666666666666,9.12,4.262222222222222,37.0625,-61.25,-62.75,198737920.0,117587968.0,119521280.0,-66699264.0,11.41,-1.93,-3.3,-8.6,4.19,2.15
371,710.013,11,3.74,5.11,-4.17,28.0,-4.375,-35.1875,-2.236666666666667,9.226666666666667,5.8822222222222225,31.0625,-60.1875,-72.0625,196345856.0,121569280.0,125468672.0,-54640640.0,12.25,0.48,-5.67,-8.51,4.63,1.49
372,717.075,7,4.68,6.77,-5.68,28.0,-4.375,-35.1875,-3.21,9.18,7.536666666666667,23.4375,-57.4375,-79.9375,194347008.0,125239296.0,130301952.0,-40321024.0,12.94,1.57,-6.59,-8.26,5.19,0.91
373,727.9630000000001,10,5.5,7.52,-7.5,28.0,-4.375,-35.1875,-3.9255555555555555,8.96888888888889,9.192222222222222,14.1875,-53.0625,-85.6875,192495616.0,128761856.0,133595136.0,-24018944.0,13.34,1.64,-7.94,-7.84,5.87,0.43
374,738.057,10,7.09,8.75,-8.08,28.0,-4.375,-35.1875,-4.275555555555556,8.544444444444444,10.768888888888888,3.6875,-47.375,-89.3125,190480384.0,132349952.0,134987776.0,-6209536.0,14.32,2.12,-8.16,-7.22,6.63,0.07
375,748.0980000000001,10,8.27,10.29,-7.1,28.0,-4.375,-35.1875,-4.051111111111111,7.8533333333333335,12.166666666666666,352.5,-40.75,-91.1875,187858944.0,136364032.0,134217728.0,12304384.0,14.67,2.87,-6.95,-6.4,7.42,-0.15
376,760.162,12,9.56,12.04,-6.33,41.75,-9.25,-17.25,-4.016666666666667,6.983333333333333,13.354444444444445,340.8125,-33.375,-91.75,184729600.0,140509184.0,131203072.0,31211520.0,14.96,3.86,-6.08,-5.4,8.17,-0.25
377,767.63,7,9.81,12.59,-6.09,41.75,-9.25,-17.25,-4.597777777777778,6.017777777777778,14.36111111111111,328.8125,-25.5,-91.0,181370880.0,144097280.0,125845504.0,50561024.0,14.04,3.75,-5.94,-4.22,8.84,-0.15
378,778.0089999999999,10,9.93,13.12,-7.92,41.75,-9.25,-17.25,-5.167777777777777,4.981111111111111,15.19,317.0,-17.25,-89.25,177717248.0,147062784.0,118128640.0,69926912.0,12.85,3.76,-8.04,-2.91,9.36,0.12
379,788.063,10,8.47,13.12,-9.95,41.75,-9.25,-17.25,-5.155555555555556,3.9988888888888887,15.761111111111111,305.8125,-8.75,-87.0,173277184.0,149733376.0,108412928.0,88637440.0,9.97,3.44,-10.46,-1.5,9.67,0.5
380,798.049,9,5.71,13.18,-12.75,41.75,-9.25,-17.25,-4.28,3.241111111111111,15.995555555555555,295.3125,-0.25,-84.875,167378944.0,152600576.0,97583104.0,105971712.0,5.76,3.41,-13.63,-0.04,9.76,0.87
381,810.1650000000001,12,4.91,9.04,-13.88,36.5,-27.5625,-10.0625,-2.12,2.827777777777778,15.753333333333334,285.4375,8.0625,-83.5,159203328.0,156336128.0,87097344.0,121176064.0,3.53,-0.6,-14.97,1.38,9.64,1.08
382,817.407,7,8.07,11.16,-12.43,36.5,-27.5625,-10.0625,0.9355555555555556,2.6855555555555557,14.82,276.0,15.9375,-83.5625,148488192.0,161218560.0,78446592.0,133660672.0,5.38,1.79,-13.49,2.69,9.36,1.05
383,827.9720000000001,10,7.6,16.39,-10.81,36.5,-27.5625,-10.0625,3.752222222222222,2.4455555555555555,13.286666666666667,267.0,22.9375,-84.875,135970816.0,166887424.0,72220672.0,143179776.0,3.77,7.4,-11.61,3.83,8.99,0.8
384,838.185,10,5.29,19.32,-7.92,36.5,-27.5625,-10.0625,4.61,1.8266666666666667,11.667777777777777,258.8125,29.25,-86.625,123518976.0,172326912.0,67174400.0,150323200.0,0.5,10.77,-8.41,4.79,8.54,0.49
385,848.795,10,2.62,19.24,-7.69,36.5,-27.5625,-10.0625,3.5366666666666666,0.5033333333333333,10.251111111111111,252.0,34.75,-88.25,112984064.0,177078272.0,61521920.0,155402240.0,-2.97,11.2,-7.93,5.59,8.04,0.24
386,860.255,11,2.59,17.61,-9.89,8.5,-45.5,-13.0625,1.4733333333333334,-1.4288888888888889,8.882222222222222,247.3125,39.625,-89.5625,105512960.0,181338112.0,54312960.0,158400512.0,-3.66,10.06,-9.94,6.25,7.54,0.05
387,867.4150000000001,7,2.82,15.14,-11.99,8.5,-45.5,-13.0625,-0.4677777777777778,-3.522222222222222,7.257777777777778,244.9375,43.5625,-91.0625,101285888.0,185499648.0,45907968.0,159006720.0,-3.93,8.04,-11.86,6.76,7.1,-0.13
388,878.164,10,4.79,12.67,-13.94,8.5,-45.5,-13.0625,-1.0644444444444445,-5.418888888888889,5.3677777777777775,244.625,46.375,-93.5,99287040.0,190119936.0,37732352.0,156942336.0,-2.3,5.92,-13.52,7.1,6.74,-0.41
389,888.208,10,6.35,12.39,-13.11,8.5,-45.5,-13.0625,-0.5055555555555555,-6.905555555555556,3.482222222222222,245.625,47.875,-97.5,98320384.0,195526656.0,30932992.0,152322048.0,-0.92,5.87,-12.25,7.27,6.51,-0.85
390,898.196,9,7.73,11.63,-12.04,8.5,-45.5,-13.0625,0.3788888888888889,-8.026666666666667,1.88,247.6875,48.125,-102.6875,97714176.0,201637888.0,25690112.0,145588224.0,0.43,5.25,-10.6,7.3,6.38,-1.43
391,910.259,12,9.23,10.38,-10.81,-13.25,-47.0,-7.25,0.9455555555555556,-8.897777777777778,0.6655555555555556,250.6875,47.1875,-108.4375,97337344.0,208125952.0,21561344.0,137134080.0,2.03,4.07,-8.7,7.19,6.31,-2.1
392,917.395,7,11.75,8.48,-9.18,-13.25,-47.0,-7.25,1.2955555555555556,-9.632222222222222,-0.1811111111111111,254.625,45.1875,-114.1875,97058816.0,214745088.0,18104320.0,127254528.0,4.79,2.18,-6.34,6.95,6.3,-2.83
393,928.071,10,12.92,7.94,-8.48,-13.25,-47.0,-7.25,1.6244444444444444,-10.243333333333334,-0.6422222222222222,259.4375,42.3125,-119.6875,96550912.0,221364224.0,15007744.0,116228096.0,6.31,1.65,-4.89,6.6,6.29,-3.59
394,938.2420000000001,10,14.16,7.88,-7.9,-13.25,-47.0,-7.25,2.0233333333333334,-10.69,-0.7177777777777777,264.875,38.875,-124.8125,95453184.0,227835904.0,11960320.0,104366080.0,7.99,1.62,-3.54,6.16,6.25,-4.36
395,948.279,10,15.45,8.6,-7.4,-13.25,-47.0,-7.25,2.6044444444444443,-10.93,-0.43222222222222223,270.75,35.125,-129.75,93339648.0,234078208.0,8749056.0,92061696.0,9.81,2.44,-2.27,5.64,6.16,-5.12
396,960.251,11,15.4,8.93,-6.73,-16.6875,-45.1875,-2.375,3.3055555555555554,-10.936666666666667,0.11777777777777777,276.875,31.125,-134.4375,89931776.0,239976448.0,5210112.0,79691776.0,10.32,2.95,-0.85,5.07,5.98,-5.87
397,967.88,7,15.38,10.28,-5.99,-16.6875,-45.1875,-2.375,4.0311111111111115,-10.686666666666667,0.7477777777777778,283.0625,27.1875,-139.0,85196800.0,245415936.0,1310720.0,67616768.0,10.9,4.56,0.59,4.48,5.71,-6.58
398,978.121,10,14.89,11.74,-4.79,-16.6875,-45.1875,-2.375,4.495555555555556,-10.181111111111111,1.27,181.25,23.3125,-143.375,79495168.0,250150912.0,-2850816.0,56164352.0,11.01,6.37,2.43,3.88,5.36,-7.22
399,988.167,10,11.06,15.15,-2.32,-16.6875,-45.1875,-2.375,4.207777777777777,-9.407777777777778,1.49,183.125,19.5625,-147.0625,73875456.0,253919232.0,-7045120.0,45547520.0,7.77,10.14,5.43,3.28,5.01,-7.75
400,998.1940000000001,10,7.5,16.16,-0.76,-16.6875,-45.1875,-2.375,2.98,-8.374444444444444,1.241111111111111,184.8125,16.0625,-149.625,69664768.0,256507904.0,-10813440.0,35946496.0,4.79,11.4,7.36,2.71,4.75,-8.13
401,1010.209,12,4.05,16.49,0.79,-14.1875,-43.75,15.0625,1.0866666666666667,-7.148888888888889,0.46111111111111114,186.0,12.8125,-150.8125,67862528.0,257916928.0,-13549568.0,27426816.0,1.88,11.83,9.14,2.17,4.66,-8.34
402,1017.6780000000001,7,1.98,16.49,1.86,-14.1875,-43.75,15.0625,-1.0455555555555556,-5.88,-0.8544444444444445,186.4375,9.75,-150.4375,68845568.0,258293760.0,-14532608.0,19857408.0,0.32,11.73,10.27,1.66,4.76,-8.4
403,1028.1229999999998,10,0.52,15.82,1.93,-14.1875,-43.75,15.0625,-3.1577777777777776,-4.6322222222222225,-2.548888888888889,185.8125,6.875,-148.75,72613888.0,257753088.0,-13205504.0,13123584.0,-0.65,10.77,10.26,1.18,5.04,-8.32
404,1038.2830000000001,10,0.85,15.19,0.81,-14.1875,-43.75,15.0625,-5.116666666666666,-3.42,-4.297777777777778,184.1875,4.0625,-145.875,78872576.0,256311296.0,-9437184.0,7127040.0,0.15,9.7,8.91,0.69,5.48,-8.09
405,1048.226,9,1.94,13.79,-1.25,-14.1875,-43.75,15.0625,-6.711111111111111,-2.2711111111111113,-5.783333333333333,181.5625,1.1875,-142.125,87064576.0,253886464.0,-3473408.0,1884160.0,1.73,7.78,6.48,0.21,6.01,-7.74
406,1060.295,12,4.23,11.02,-5.28,-7.0625,-41.5625,23.1875,-7.397777777777778,-1.32,-6.864444444444445,178.0625,-1.6875,-138.125,95911936.0,250658816.0,4194304.0,-2670592.0,4.53,4.48,2.01,-0.29,6.54,-7.3
407,1067.493,7,3.62,10.41,-5.95,-7.0625,-41.5625,23.1875,-7.0633333333333335,-0.6822222222222222,-7.58,7.4375,-4.8125,-134.4375,104120320.0,246988800.0,12976128.0,-6782976.0,4.44,3.44,0.88,-0.82,6.97,-6.84
408,1078.245,10,2.41,10.22,-5.82,-7.0625,-41.5625,23.1875,-6.1033333333333335,-0.3844444444444444,-8.02111111111111,11.125,-8.125,-131.4375,110919680.0,243187712.0,22380544.0,-10813440.0,3.81,2.94,0.6,-1.39,7.27,-6.42
409,1088.268,10,1.74,10.22,-5.49,-7.0625,-41.5625,23.1875,-4.985555555555556,-0.3988888888888889,-8.27111111111111,14.75,-11.6875,-129.1875,116178944.0,239403008.0,31948800.0,-15089664.0,3.74,2.78,0.58,-1.99,7.43,-6.07
410,1098.2730000000001,10,1.69,8.9,-3.98,-7.0625,-41.5625,23.1875,-4.122222222222222,-0.6244444444444445,-8.427777777777777,18.6875,-15.5,-127.5625,120225792.0,235569152.0,41435136.0,-19808256.0,4.32,1.41,1.78,-2.62,7.48,-5.76
411,1110.259,11,1.34,8.62,-3.22,7.0,-46.375,8.1875,-3.3466666666666667,-1.0166666666666666,-8.537777777777778,23.0,-19.5625,-126.5,123256832.0,231653376.0,50675712.0,-25133056.0,4.62,1.19,2.27,-3.28,7.42,-5.49
412,1117.357,7,0.24,8.9,-2.11,7.0,-46.375,8.1875,-2.5233333333333334,-1.4777777777777779,-8.606666666666667,27.9375,-23.8125,-125.9375,125239296.0,227721216.0,59539456.0,-31162368.0,4.2,1.64,3.15,-3.96,7.25,-5.27
413,1128.19,10,0.04,9.35,-0.23,7.0,-46.375,8.1875,-1.981111111111111,-1.8166666666666667,-8.644444444444444,33.125,-28.1875,-125.8125,126500864.0,223625216.0,68042752.0,-37683200.0,4.68,2.35,4.82,-4.63,7.0,-5.06
414,1138.34,10,1.42,9.39,0.18,7.0,-46.375,8.1875,-1.9944444444444445,-1.8988888888888888,-8.676666666666666,38.1875,-32.625,-125.875,127565824.0,219070464.0,76398592.0,-44236800.0,6.71,2.71,5.03,-5.29,6.68,-4.84
415,1148.233,9,2.19,8.73,0.35,7.0,-46.375,8.1875,-2.6533333333333333,-1.67,-8.69,42.5,-37.0,-125.875,128991232.0,213745664.0,84901888.0,-50216960.0,8.09,2.38,4.94,-5.9,6.34,-4.59
416,1160.2669999999998,12,2.48,7.78,0.55,25.6875,-39.5625,1.0625,-3.6911111111111112,-1.21,-8.59,45.625,-41.125,-125.625,131039232.0,207519744.0,93683712.0,-55164928.0,8.93,1.79,4.86,-6.45,5.99,-4.3
417,1167.421,7,1.57,6.23,0.08,25.6875,-39.5625,1.0625,-4.613333333333333,-0.64,-8.25,47.5,-45.0,-125.3125,133578752.0,200605696.0,102514688.0,-58834944.0,8.51,0.58,4.09,-6.93,5.65,-4.0
418,1178.3539999999998,10,0.28,5.44,-0.52,25.6875,-39.5625,1.0625,-5.206666666666667,-0.06333333333333334,-7.562222222222222,48.25,-48.375,-124.9375,136331264.0,193413120.0,111034368.0,-61095936.0,7.62,0.11,3.2,-7.33,5.33,-3.73
419,1188.386,10,-1.15,4.27,-0.8,25.6875,-39.5625,1.0625,-5.631111111111111,0.4822222222222222,-6.498888888888889,47.875,-51.125,-124.5625,139247616.0,186318848.0,118849536.0,-61833216.0,6.48,-0.79,2.68,-7.64,5.06,-3.48
420,1198.353,9,-2.47,2.47,-1.54,25.6875,-39.5625,1.0625,-5.8244444444444445,0.9777777777777777,-5.142222222222222,46.4375,-53.1875,-124.0,142245888.0,179732480.0,125681664.0,-61046784.0,5.37,-2.39,1.74,-7.85,4.87,-3.28
421,1210.4850000000001,12,-1.92,2.31,-2.14,39.875,-25.0625,-3.6875,-5.866666666666666,1.4066666666666667,-3.628888888888889,44.0,-54.375,-123.125,145276928.0,173916160.0,131350528.0,-58753024.0,6.05,-2.45,0.97,-7.97,4.77,-3.12
422,1217.645,7,-1.45,1.93,-3.03,39.875,-25.0625,-3.6875,-5.886666666666667,1.7766666666666666,-2.0966666666666667,40.6875,-54.8125,-121.9375,148373504.0,168951808.0,135888896.0,-55033856.0,6.56,-2.85,-0.04,-8.01,4.78,-2.98
423,1228.373,10,-1.51,1.71,-3.53,39.875,-25.0625,-3.6875,-6.071111111111111,2.1466666666666665,-0.6411111111111111,36.375,-54.5,-120.3125,151617536.0,164741120.0,139444224.0,-49823744.0,6.47,-3.19,-0.66,-7.98,4.9,-2.87
424,1238.383,10,-1.54,3.75,-4.0,39.875,-25.0625,-3.6875,-6.308888888888889,2.4877777777777776,0.6877777777777778,31.125,-53.5625,-118.25,154992640.0,161153024.0,142114816.0,-43171840.0,6.33,-1.37,-1.24,-7.88,5.12,-2.76
425,1248.359,9,-1.54,4.79,-4.21,39.875,-25.0625,-3.6875,-6.706666666666667,2.7655555555555558,1.9144444444444444,24.9375,-51.9375,-115.75,158564352.0,157974528.0,143966208.0,-35094528.0,6.18,-0.65,-1.58,-7.72,5.44,-2.62
426,1260.319,11,-1.49,5.47,-4.7,46.25,-15.5,-5.1875,-7.4511111111111115,2.9922222222222223,3.0211111111111113,17.75,-49.75,-112.6875,162480128.0,154796032.0,145080320.0,-25460736.0,5.99,-0.36,-2.25,-7.48,5.84,-2.44
427,1267.805,7,-0.4,5.38,-7.38,46.25,-15.5,-5.1875,-8.347777777777777,3.1744444444444446,3.971111111111111,9.75,-47.125,-109.0625,166723584.0,151322624.0,145457152.0,-14286848.0,6.78,-0.92,-5.2,-7.18,6.3,-2.18
428,1278.329,10,-0.02,4.9,-8.86,46.25,-15.5,-5.1875,-9.158888888888889,3.3144444444444443,4.771111111111111,1.1875,-44.125,-105.0625,171114496.0,147390464.0,145096704.0,-1785856.0,6.8,-1.88,-7.03,-6.82,6.79,-1.83
429,1288.358,10,-0.19,4.74,-9.72,46.25,-15.5,-5.1875,-9.36111111111111,3.361111111111111,5.502222222222223,352.5,-40.75,-101.0,175144960.0,143392768.0,143835136.0,11468800.0,6.21,-2.53,-8.3,-6.4,7.28,-1.42
430,1298.344,9,-0.43,5.98,-9.94,46.25,-15.5,-5.1875,-8.643333333333333,3.1966666666666668,6.304444444444444,344.125,-37.125,-97.25,178257920.0,140132352.0,141524992.0,24772608.0,5.48,-1.76,-8.95,-5.92,7.75,-0.99
431,1310.336,11,-2.68,8.58,-10.57,45.375,-17.0,-5.25,-7.362222222222222,2.8022222222222224,7.245555555555556,336.375,-33.0625,-94.0625,180191232.0,138264576.0,138035200.0,37683200.0,2.66,0.39,-9.98,-5.35,8.19,-0.58
432,1317.628,7,-3.16,8.31,-10.51,45.375,-17.0,-5.25,-5.8277777777777775,2.2888888888888888,8.258888888888889,329.0625,-28.5,-91.5,180813824.0,138117120.0,133365760.0,50020352.0,1.52,-0.3,-10.29,-4.68,8.61,-0.22
433,1328.1940000000002,10,-2.64,8.95,-10.84,45.375,-17.0,-5.25,-4.058888888888889,1.7944444444444445,9.084444444444445,322.25,-23.5625,-89.6875,179978240.0,139788288.0,127827968.0,61489152.0,1.28,-0.03,-10.88,-3.92,8.98,0.03
434,1338.2920000000001,10,-1.61,8.42,-9.38,45.375,-17.0,-5.25,-1.9844444444444445,1.3755555555555556,9.6,315.9375,-18.3125,-88.9375,177455104.0,143360000.0,121913344.0,71745536.0,1.47,-0.88,-9.55,-3.08,9.3,0.16
435,1348.271,9,0.39,9.23,-8.21,45.375,-17.0,-5.25,0.14,1.0844444444444445,9.726666666666667,310.125,-13.0625,-89.1875,173228032.0,148586496.0,116129792.0,80510976.0,2.61,-0.31,-8.34,-2.21,9.55,0.12
436,1360.347,12,2.95,10.86,-6.51,36.75,-26.0,-7.375,2.1066666666666665,0.8177777777777778,9.498888888888889,304.6875,-7.875,-90.4375,167477248.0,155090944.0,110788608.0,87654400.0,4.3,1.15,-6.43,-1.35,9.71,-0.08
437,1367.47,7,3.89,12.92,-4.9,36.75,-26.0,-7.375,3.2533333333333334,0.4722222222222222,9.102222222222222,299.6875,-2.9375,-92.25,160874496.0,162103296.0,105693184.0,93437952.0,4.4,3.14,-4.51,-0.5,9.78,-0.38
438,1378.325,10,3.77,16.48,-2.24,36.75,-26.0,-7.375,3.203333333333333,-0.035555555555555556,8.78111111111111,294.9375,1.8125,-94.0,154370048.0,168804352.0,100237312.0,98418688.0,3.46,6.7,-1.55,0.31,9.77,-0.68
439,1388.348,10,3.95,17.07,-1.84,36.75,-26.0,-7.375,2.281111111111111,-0.7866666666666666,8.72,290.5625,6.5,-95.25,148701184.0,174833664.0,93650944.0,102989824.0,2.84,7.37,-0.94,1.11,9.7,-0.9
440,1398.3799999999999,10,4.21,16.26,-2.04,36.75,-26.0,-7.375,1.0522222222222222,-1.738888888888889,8.865555555555556,286.6875,11.1875,-96.0625,144130048.0,180207616.0,85491712.0,107249664.0,2.3,6.7,-1.02,1.9,9.56,-1.02
441,1410.3509999999999,11,4.48,14.91,-3.15,23.875,-40.6875,-7.0,-0.06333333333333334,-2.738888888888889,8.98,283.375,15.875,-96.5,140574720.0,185024512.0,75808768.0,110968832.0,1.8,5.54,-2.07,2.68,9.36,-1.07
442,1417.491,7,5.24,12.38,-5.44,23.875,-40.6875,-7.0,-0.5533333333333333,-3.6133333333333333,8.89,280.75,20.4375,-97.0625,137543680.0,189562880.0,65224704.0,113803264.0,1.8,3.26,-4.31,3.43,9.11,-1.13
443,1428.384,10,5.91,11.86,-6.45,23.875,-40.6875,-7.0,-0.1322222222222222,-4.225555555555555,8.574444444444444,278.5,24.75,-98.1875,134184960.0,194215936.0,54607872.0,115523584.0,1.8,3.05,-5.18,4.11,8.81,-1.27
444,1438.475,10,6.49,12.03,-6.85,23.875,-40.6875,-7.0,1.0733333333333333,-4.498888888888889,8.04,276.375,28.6875,-100.375,129826816.0,199262208.0,44875776.0,116113408.0,1.78,3.57,-5.31,4.71,8.45,-1.54
445,1448.412,9,7.73,12.76,-6.33,23.875,-40.6875,-7.0,2.4655555555555555,-4.497777777777777,7.33,274.0625,32.0625,-103.5625,124289024.0,204652544.0,36487168.0,115736576.0,2.51,4.69,-4.38,5.21,8.07,-1.95
446,1460.413,12,7.84,13.54,-5.62,1.5625,-48.25,-9.75,3.6644444444444444,-4.414444444444444,6.474444444444444,271.5625,34.8125,-107.75,117833728.0,210190336.0,29573120.0,114540544.0,2.24,5.88,-3.17,5.6,7.66,-2.45
447,1468.048,7,7.76,14.7,-5.04,1.5625,-48.25,-9.75,4.615555555555556,-4.427777777777778,5.515555555555555,269.0625,36.8125,-112.625,110755840.0,215777280.0,24068096.0,112476160.0,1.88,7.46,-2.01,5.87,7.24,-3.02
448,1478.383,10,7.61,15.59,-4.54,1.5625,-48.25,-9.75,4.9688888888888885,-4.5744444444444445,4.542222222222223,266.8125,38.0,-117.875,103677952.0,221200384.0,19644416.0,109527040.0,1.57,8.76,-0.93,6.03,6.82,-3.61
449,1488.366,9,6.66,14.96,-3.56,1.5625,-48.25,-9.75,4.44,-4.806666666666667,3.5355555555555553,265.375,38.3125,-122.8125,97566720.0,226066432.0,15859712.0,105725952.0,0.57,8.5,0.6,6.08,6.46,-4.17
450,1498.433,10,6.1,14.66,-3.67,1.5625,-48.25,-9.75,3.3133333333333335,-5.071111111111111,2.421111111111111,265.25,37.8125,-127.0,93126656.0,230227968.0,12566528.0,101105664.0,0.08,8.47,0.99,6.01,6.18,-4.66
451,1510.579,12,5.34,14.03,-3.97,-13.6875,-46.75,-0.75,1.98,-5.261111111111111,1.1888888888888889,266.875,36.5625,-130.0625,90669056.0,233619456.0,9895936.0,95715328.0,-0.5,8.01,1.1,5.84,6.02,-5.07
452,1517.9609999999998,7,4.23,13.22,-4.71,-13.6875,-46.75,-0.75,0.8422222222222222,-5.262222222222222,-0.13555555555555557,270.125,34.625,-132.0625,90013696.0,236290048.0,8159232.0,89751552.0,-1.33,7.24,0.68,5.57,5.98,-5.4
453,1528.3310000000001,10,4.19,13.21,-4.46,-13.6875,-46.75,-0.75,0.058888888888888886,-5.0055555555555555,-1.5366666666666666,274.75,32.125,-133.0625,90767360.0,238321664.0,7766016.0,83443712.0,-1.02,7.15,1.2,5.22,6.06,-5.66
454,1538.5279999999998,10,4.4,13.24,-4.2,-13.6875,-46.75,-0.75,-0.4922222222222222,-4.544444444444444,-2.94,280.5,29.25,-133.1875,92635136.0,239714304.0,8929280.0,77021184.0,-0.39,7.01,1.65,4.8,6.23,-5.85
455,1548.51,9,4.76,13.52,-4.29,-13.6875,-46.75,-0.75,-0.9977777777777778,-3.982222222222222,-4.3,287.0,26.0625,-132.625,95469568.0,240451584.0,11714560.0,70615040.0,0.44,7.04,1.67,4.31,6.47,-5.96
456,1560.4450000000002,11,5.14,13.15,-4.62,-16.1875,-45.0,8.5625,-1.58,-3.3844444444444446,-5.5633333333333335,294.125,22.625,-131.5,99287040.0,240451584.0,15990784.0,64274432.0,1.37,6.37,1.37,3.77,6.77,-5.99
457,1567.65,7,5.72,12.91,-4.79,-16.1875,-45.0,8.5625,-1.9833333333333334,-2.8533333333333335,-6.721111111111111,301.5625,18.8125,-129.9375,103743488.0,239714304.0,21708800.0,57966592.0,2.55,5.8,1.17,3.16,7.11,-5.96
458,1578.386,10,5.99,12.56,-4.91,-16.1875,-45.0,8.5625,-2.151111111111111,-2.466666666666667,-7.738888888888889,309.1875,14.6875,-128.3125,108494848.0,238338048.0,28688384.0,51511296.0,3.49,5.12,0.96,2.49,7.44,-5.88
459,1588.436,10,5.04,11.99,-5.5,-16.1875,-45.0,8.5625,-2.12,-2.258888888888889,-8.534444444444444,316.75,10.25,-126.6875,113197056.0,236421120.0,36634624.0,44810240.0,3.29,4.26,0.26,1.75,7.73,-5.77
460,1598.423,9,3.87,11.6,-5.53,-16.1875,-45.0,8.5625,-1.8888888888888888,-2.2555555555555555,-9.1,324.4375,5.5625,-125.4375,117522432.0,234061824.0,45203456.0,37666816.0,2.92,3.65,0.12,0.95,7.95,-5.66
461,1610.548,12,2.65,11.56,-5.56,-3.5,-48.25,7.0,-1.5455555555555556,-2.4611111111111112,-9.52,332.25,0.5625,-124.5,121339904.0,231342080.0,54067200.0,29917184.0,2.55,3.48,0.0,0.09,8.08,-5.55
462,1617.6889999999999,7,1.29,11.83,-5.78,-3.5,-48.25,7.0,-1.15,-2.861111111111111,-9.896666666666667,340.5625,-4.75,-123.9375,124583936.0,228261888.0,63062016.0,21331968.0,2.1,3.72,-0.32,-0.81,8.1,-5.45
463,1628.456,10,-0.36,11.49,-6.37,-3.5,-48.25,7.0,-0.6955555555555556,-3.4077777777777776,-10.323333333333334,349.4375,-10.4375,-123.75,127238144.0,224804864.0,72073216.0,11714560.0,1.41,3.48,-1.01,-1.77,8.01,-5.36
464,1638.51,10,-0.03,11.64,-5.94,-3.5,-48.25,7.0,-0.06777777777777778,-4.056666666666667,-10.89,359.25,-16.5625,-124.0625,129122304.0,220921856.0,81117184.0,819200.0,2.76,3.86,-0.67,-2.8,7.78,-5.26
465,1648.491,9,0.35,12.48,-5.23,-3.5,-48.25,7.0,0.48444444444444446,-4.705555555555556,-11.572222222222223,9.9375,-23.1875,-124.875,130236416.0,216399872.0,90226688.0,-11386880.0,4.22,5.09,-0.08,-3.86,7.39,-5.15
466,1660.5,12,1.78,12.99,-4.7,17.6875,-42.5625,5.5,0.5655555555555556,-5.2188888888888885,-12.234444444444444,21.1875,-30.25,-125.9375,130973696.0,210796544.0,99336192.0,-24510464.0,6.73,6.14,0.27,-4.94,6.85,-4.97
467,1667.6409999999998,7,1.67,12.42,-4.98,17.6875,-42.5625,5.5,0.11888888888888889,-5.532222222222222,-12.742222222222223,32.125,-37.625,-127.1875,131694592.0,203767808.0,108412928.0,-37961728.0,7.66,6.24,-0.28,-5.99,6.18,-4.69
468,1678.451,10,0.8,11.42,-5.45,17.6875,-42.5625,5.5,-0.3388888888888889,-5.707777777777777,-12.945555555555556,42.3125,-45.0625,-128.625,132317184.0,195411968.0,117178368.0,-51298304.0,7.74,6.02,-1.13,-6.94,5.4,-4.32
469,1688.587,10,-1.11,10.17,-5.32,17.6875,-42.5625,5.5,-0.4077777777777778,-5.847777777777778,-12.792222222222222,51.8125,-52.4375,-130.6875,132546560.0,186204160.0,125190144.0,-64389120.0,6.66,5.65,-1.42,-7.78,4.52,-3.89
470,1698.5110000000002,9,-4.48,7.58,-4.87,17.6875,-42.5625,5.5,-0.005555555555555556,-6.016666666666667,-12.353333333333333,60.6875,-59.625,-133.8125,132071424.0,176635904.0,132055040.0,-77332480.0,3.97,4.01,-1.44,-8.46,3.56,-3.43
471,1710.648,12,-5.56,5.87,-4.1,40.375,-27.375,0.5625,0.47333333333333333,-6.198888888888889,-11.706666666666667,68.9375,-66.5,-138.5625,130990080.0,166969344.0,137543680.0,-89997312.0,3.42,3.28,-1.17,-8.99,2.58,-2.93
472,1718.1409999999998,7,-6.54,4.35,-3.41,40.375,-27.375,0.5625,0.7044444444444444,-6.3133333333333335,-10.892222222222221,76.375,-72.8125,-145.9375,129679360.0,157319168.0,141688832.0,-102072320.0,2.82,2.74,-1.01,-9.37,1.61,-2.39
473,1729.46,11,-6.19,1.37,-1.29,40.375,-27.375,0.5625,0.6133333333333333,-6.331111111111111,-9.99,82.75,-78.4375,-158.9375,128434176.0,147668992.0,144736256.0,-113180672.0,3.4,0.67,0.53,-9.6,0.7,-1.83
474,1740.858,11,-5.33,0.61,0.07,40.375,-27.375,0.5625,0.13555555555555557,-6.187777777777778,-9.044444444444444,87.875,-82.5625,174.0625,127549440.0,138018816.0,147030016.0,-122978304.0,4.39,0.74,1.34,-9.72,-0.12,-1.26
475,1749.1989999999998,8,-4.71,-0.23,1.11,40.375,-27.375,0.5625,-0.20333333333333334,-6.047777777777778,-8.095555555555556,92.0,-83.375,174.8125,127041536.0,128548864.0,148619264.0,-131547136.0,5.02,0.64,1.82,-9.74,-0.87,-0.7
476,1760.625,11,-4.24,-1.59,1.88,46.375,-3.5625,-11.5625,-0.7111111111111111,-5.872222222222222,-7.127777777777778,95.0625,-80.9375,96.3125,127041536.0,119308288.0,149733376.0,-138805248.0,5.44,-0.06,2.05,-9.68,-1.53,-0.16
477,1767.801,7,-2.69,-3.58,1.66,46.375,-3.5625,-11.5625,-1.278888888888889,-5.633333333333334,-6.202222222222222,97.1875,-77.4375,81.1875,127582208.0,110313472.0,150568960.0,-144719872.0,6.87,-1.48,1.34,-9.57,-2.1,0.32
478,1778.424,10,-2.06,-4.72,1.41,46.375,-3.5625,-11.5625,-1.6422222222222222,-5.334444444444444,-5.325555555555556,98.5625,-74.0,73.4375,128499712.0,101777408.0,151158784.0,-149454848.0,7.36,-2.13,0.65,-9.42,-2.58,0.76
479,1788.4260000000002,10,-1.2,-6.16,1.17,46.375,-3.5625,-11.5625,-1.8588888888888888,-4.957777777777777,-4.51,99.4375,-70.8125,68.875,129695744.0,93831168.0,151552000.0,-153190400.0,8.05,-3.16,0.01,-9.26,-3.0,1.15
480,1798.444,10,0.96,-10.72,0.87,46.375,-3.5625,-11.5625,-1.8444444444444446,-4.5,-3.8033333333333332,100.0,-67.9375,66.0,130924544.0,86638592.0,151748608.0,-156155904.0,10.05,-7.36,-0.62,-9.09,-3.36,1.49
481,1810.455,12,1.79,-12.79,0.89,37.25,11.6875,-24.1875,-1.4966666666666666,-3.99,-3.258888888888889,100.5,-65.375,63.9375,131956736.0,80363520.0,151666688.0,-158695424.0,10.71,-9.12,-0.89,-8.91,-3.66,1.78
482,1817.625,7,2.75,-13.55,0.95,37.25,11.6875,-24.1875,-0.8233333333333334,-3.4433333333333334,-2.88,101.125,-63.1875,62.375,132562944.0,75169792.0,151191552.0,-161169408.0,11.5,-9.63,-1.09,-8.75,-3.92,2.04
483,1828.405,10,3.99,-13.08,1.1,37.25,11.6875,-24.1875,-0.015555555555555555,-2.8422222222222224,-2.548888888888889,101.9375,-61.1875,61.0625,132628480.0,71139328.0,150306816.0,-163758080.0,12.59,-8.95,-1.17,-8.59,-4.13,2.28
484,1838.568,10,6.37,-12.18,2.12,37.25,11.6875,-24.1875,0.6311111111111111,-2.1744444444444446,-2.081111111111111,102.9375,-59.625,59.875,132333568.0,68337664.0,149127168.0,-166232064.0,14.83,-7.89,-0.35,-8.46,-4.28,2.48
485,1848.4750000000001,9,7.62,-12.68,2.8,37.25,11.6875,-24.1875,1.0377777777777777,-1.4422222222222223,-1.3655555555555556,103.75,-58.5625,58.8125,131940352.0,66879488.0,147832832.0,-168296448.0,15.99,-8.31,0.16,-8.37,-4.36,2.64
486,1860.473,11,8.89,-13.49,3.68,29.875,18.5,-29.0,1.2855555555555556,-0.6866666666666666,-0.4166666666666667,104.3125,-58.1875,57.8125,131678208.0,66846720.0,146505728.0,-169672704.0,17.23,-9.12,0.94,-8.33,-4.37,2.74
487,1867.5839999999998,7,9.56,-14.0,4.59,29.875,18.5,-29.0,1.288888888888889,0.08222222222222222,0.7311111111111112,104.4375,-58.5625,56.8125,131792896.0,68222976.0,145276928.0,-170082304.0,17.93,-9.72,1.79,-8.37,-4.27,2.79
488,1878.463,10,9.18,-14.33,5.58,29.875,18.5,-29.0,0.8977777777777778,0.8511111111111112,2.121111111111111,103.75,-59.8125,55.875,132612096.0,70942720.0,144392192.0,-169082880.0,17.65,-10.24,2.81,-8.47,-4.08,2.76
489,1888.518,10,8.77,-13.27,5.08,29.875,18.5,-29.0,0.17,1.6011111111111112,3.812222222222222,102.0,-62.0,55.0,134496256.0,74940416.0,143949824.0,-166232064.0,17.43,-9.5,2.44,-8.66,-3.76,2.63
490,1898.489,9,7.86,-10.52,3.8,29.875,18.5,-29.0,-0.4588888888888889,2.296666666666667,5.911111111111111,99.0,-65.3125,53.5,137691136.0,80461824.0,143605760.0,-161251328.0,16.78,-7.23,1.37,-8.91,-3.28,2.43
491,1910.557,12,4.3,-5.53,0.99,29.0,17.375,-30.6875,-0.8111111111111111,2.9633333333333334,8.465555555555556,94.4375,-69.9375,50.0625,142344192.0,87900160.0,142802944.0,-153878528.0,13.52,-2.96,-1.15,-9.21,-2.57,2.15
492,1917.654,7,3.69,-1.94,-0.21,29.0,17.375,-30.6875,-0.7855555555555556,3.571111111111111,11.171111111111111,88.375,-75.6875,41.25,148176896.0,97402880.0,140902400.0,-144080896.0,13.19,-0.34,-2.03,-9.5,-1.59,1.81
493,1928.42,10,3.63,3.88,-0.94,29.0,17.375,-30.6875,-0.05333333333333334,4.041111111111111,14.006666666666666,80.875,-81.25,12.4375,154714112.0,109248512.0,136986624.0,-131989504.0,13.32,4.2,-2.39,-9.69,-0.32,1.45
494,1938.5030000000002,10,3.67,10.26,-0.8,29.0,17.375,-30.6875,0.5588888888888889,4.47,16.813333333333333,71.9375,-80.5,-49.9375,161513472.0,122994688.0,130744320.0,-117276672.0,13.34,9.02,-1.83,-9.67,1.23,1.03
495,1948.496,9,8.66,23.98,-2.25,29.0,17.375,-30.6875,0.06888888888888889,4.864444444444445,19.534444444444443,60.8125,-71.8125,-78.6875,168558592.0,137265152.0,122470400.0,-99041280.0,17.98,20.98,-2.84,-9.31,2.99,0.59
496,1960.473,11,12.12,32.71,-3.07,35.875,8.0625,-27.1875,-1.3822222222222222,5.017777777777778,22.185555555555556,47.125,-60.1875,-87.375,175947776.0,150536192.0,112017408.0,-76742656.0,20.63,27.84,-3.3,-8.5,4.87,0.22
497,1967.916,7,10.08,34.32,-2.18,35.875,8.0625,-27.1875,-3.4722222222222223,4.745555555555556,24.623333333333335,30.75,-46.875,-89.4375,183566336.0,161316864.0,98926592.0,-50544640.0,17.24,27.62,-2.24,-7.16,6.69,0.06
498,1978.4660000000001,10,14.65,15.76,-3.69,35.875,8.0625,-27.1875,-5.597777777777778,3.6666666666666665,26.06222222222222,13.25,-32.8125,-88.3125,190840832.0,168181760.0,82821120.0,-22200320.0,19.97,7.52,-3.93,-5.31,8.23,0.24
499,1988.495,10,16.01,25.49,-8.57,35.875,8.0625,-27.1875,-5.406666666666666,1.6588888888888889,24.875555555555554,357.75,-19.375,-86.125,195690496.0,171982848.0,64536576.0,3784704.0,19.27,16.26,-9.19,-3.26,9.22,0.62
500,1998.481,9,6.17,20.98,-10.81,35.875,8.0625,-27.1875,-6.257777777777778,0.1988888888888889,21.177777777777777,345.4375,-7.9375,-83.0,199278592.0,171720704.0,47054848.0,25411584.0,7.53,11.34,-11.98,-1.36,9.63,1.17
501,2010.6130000000003,12,0.04,21.62,-9.74,32.0625,-27.1875,-23.0625,-6.795555555555556,-0.6155555555555555,16.17888888888889,336.75,0.6875,-79.375,202309632.0,168394752.0,32342016.0,41598976.0,-0.08,11.98,-11.55,0.12,9.63,1.8
502,2017.8419999999999,7,-1.98,22.4,-6.15,32.0625,-27.1875,-23.0625,-3.8088888888888888,-0.9033333333333333,11.16,331.1875,6.75,-77.25,202964992.0,166363136.0,21741568.0,52117504.0,-3.13,12.9,-8.29,1.15,9.49,2.14
503,2028.425,10,-2.36,21.7,-2.95,32.0625,-27.1875,-23.0625,0.8922222222222222,-0.7733333333333333,7.038888888888889,327.625,10.5625,-77.6875,200474624.0,168034304.0,15646720.0,58163200.0,-4.16,12.29,-5.01,1.8,9.41,2.05
504,2038.5399999999997,10,-3.29,21.52,0.95,32.0625,-27.1875,-23.0625,4.578888888888889,-0.6522222222222223,3.6033333333333335,325.5,12.5625,-80.125,195805184.0,172785664.0,13418496.0,60702720.0,-5.43,12.09,-0.67,2.14,9.43,1.63
505,2048.496,9,-2.83,23.34,7.04,32.0625,-27.1875,-23.0625,6.084444444444444,-1.0,0.6766666666666666,324.9375,13.0,-83.5625,190595072.0,178700288.0,13680640.0,60112896.0,-5.05,13.85,5.98,2.21,9.49,1.06
506,2060.58,12,-0.41,23.6,7.68,1.6875,-38.25,-33.1875,5.1033333333333335,-1.82,-1.57,326.125,12.25,-86.5625,186761216.0,183681024.0,14811136.0,56786944.0,-2.49,14.04,7.12,2.08,9.56,0.56
507,2067.6929999999998,7,2.39,22.7,6.86,1.6875,-38.25,-33.1875,2.5055555555555555,-2.7455555555555557,-3.0722222222222224,328.9375,10.625,-88.25,185548800.0,186368000.0,15728640.0,51478528.0,0.57,13.06,6.57,1.81,9.63,0.28
508,2078.43,10,4.56,21.06,5.47,1.6875,-38.25,-33.1875,-0.5388888888888889,-3.378888888888889,-3.9477777777777776,332.9375,8.5625,-88.3125,187187200.0,186368000.0,16105472.0,45023232.0,3.09,11.37,5.18,1.46,9.69,0.28
509,2088.508,10,5.96,16.48,3.11,1.6875,-38.25,-33.1875,-3.0588888888888888,-3.5355555555555553,-4.377777777777778,337.3125,6.25,-86.875,191004672.0,183992320.0,16187392.0,38223872.0,4.89,6.74,2.59,1.07,9.73,0.52
510,2098.462,9,4.66,14.31,2.17,1.6875,-38.25,-33.1875,-4.458888888888889,-3.3177777777777777,-4.456666666666667,341.625,3.9375,-84.625,195854336.0,180092928.0,16252928.0,31604736.0,3.98,4.57,1.26,0.68,9.74,0.9
511,2110.489,12,2.85,13.36,1.26,1.0625,-42.0,-27.0625,-4.362222222222222,-2.937777777777778,-4.236666666666666,345.5,1.875,-82.375,200343552.0,176062464.0,16482304.0,25460736.0,2.52,3.64,-0.03,0.32,9.71,1.29
512,2117.559,7,0.95,12.33,0.71,1.0625,-42.0,-27.0625,-3.3177777777777777,-2.4544444444444444,-3.7333333333333334,348.6875,0.0625,-80.5625,203702272.0,172851200.0,16859136.0,20103168.0,0.94,2.65,-0.88,0.01,9.67,1.59
513,2128.421,10,0.76,12.14,0.93,1.0625,-42.0,-27.0625,-2.0122222222222224,-1.8777777777777778,-3.0388888888888888,351.1875,-1.375,-79.5,205750272.0,170803200.0,17334272.0,15777792.0,1.0,2.5,-0.84,-0.23,9.64,1.78
514,2138.5570000000002,10,0.75,11.59,1.65,1.0625,-42.0,-27.0625,-0.8688888888888889,-1.2344444444444445,-2.3366666666666664,353.0,-2.5,-79.0,206716928.0,169836544.0,17956864.0,12566528.0,1.18,1.97,-0.21,-0.42,9.61,1.86
515,2148.517,9,0.62,11.16,2.49,1.0625,-42.0,-27.0625,-0.18444444444444444,-0.5711111111111111,-1.7922222222222222,354.25,-3.375,-78.875,207011840.0,169525248.0,18825216.0,10354688.0,1.2,1.55,0.6,-0.58,9.6,1.88
516,2160.5,11,-0.31,11.34,3.23,3.5625,-37.75,-33.5625,0.07444444444444444,0.03666666666666667,-1.51,355.0625,-4.1875,-78.875,207028224.0,169459712.0,20086784.0,8896512.0,0.4,1.74,1.35,-0.72,9.59,1.88
517,2167.597,7,-0.62,11.23,2.84,3.5625,-37.75,-33.5625,-0.03666666666666667,0.5555555555555556,-1.4211111111111112,355.5625,-5.0,-78.875,207044608.0,169263104.0,21774336.0,7946240.0,0.23,1.64,0.96,-0.86,9.58,1.87
518,2178.5800000000004,10,-0.65,10.98,2.24,3.5625,-37.75,-33.5625,-0.3088888888888889,0.9633333333333334,-1.4322222222222223,355.9375,-5.875,-78.75,207241216.0,168771584.0,23871488.0,7356416.0,0.35,1.42,0.34,-1.0,9.56,1.89
519,2188.526,9,-0.59,10.9,1.03,3.5625,-37.75,-33.5625,-0.33555555555555555,1.211111111111111,-1.468888888888889,356.125,-6.8125,-78.625,207421440.0,168214528.0,26230784.0,6914048.0,0.57,1.35,-0.88,-1.16,9.54,1.91
520,2198.57,10,-0.85,10.81,0.84,3.5625,-37.75,-33.5625,0.05,1.2844444444444445,-1.4844444444444445,356.375,-7.6875,-78.6875,207257600.0,168034304.0,28672000.0,6471680.0,0.46,1.28,-1.05,-1.32,9.53,1.89
521,2210.515,11,-1.39,10.85,0.91,6.6875,-36.6875,-32.6875,0.5022222222222222,1.2544444444444445,-1.468888888888889,356.6875,-8.625,-79.0625,206733312.0,168280064.0,31096832.0,5947392.0,0.08,1.33,-0.91,-1.47,9.51,1.83
522,2218.1479999999997,7,-1.96,10.99,1.19,6.6875,-36.6875,-32.6875,0.9344444444444444,1.15,-1.441111111111111,357.0,-9.5,-79.625,205832192.0,168951808.0,33406976.0,5324800.0,-0.33,1.48,-0.53,-1.62,9.51,1.73
523,2228.4700000000003,10,-2.32,11.22,2.09,6.6875,-36.6875,-32.6875,1.1522222222222223,1.0122222222222221,-1.4133333333333333,357.4375,-10.375,-80.3125,204783616.0,169820160.0,35553280.0,4571136.0,-0.55,1.71,0.48,-1.77,9.5,1.61
524,2238.63,10,-2.28,11.27,2.41,6.6875,-36.6875,-32.6875,0.9866666666666667,0.8811111111111111,-1.3966666666666667,357.875,-11.1875,-80.9375,203849728.0,170508288.0,37568512.0,3751936.0,-0.37,1.77,0.91,-1.91,9.49,1.5
525,2248.5719999999997,9,-2.07,11.02,2.45,6.6875,-36.6875,-32.6875,0.5266666666666666,0.7677777777777778,-1.3955555555555557,358.3125,-12.0,-81.3125,203309056.0,170754048.0,39452672.0,2932736.0,-0.02,1.54,1.0,-2.04,9.48,1.44
526,2260.559,11,-1.66,10.47,2.17,11.875,-35.5625,-31.0,-0.08888888888888889,0.68,-1.4011111111111112,358.75,-12.8125,-81.3125,203276288.0,170393600.0,41238528.0,2146304.0,0.51,1.01,0.72,-2.18,9.45,1.44
527,2267.89,7,-1.41,9.14,1.2,11.875,-35.5625,-31.0,-0.5777777777777777,0.5977777777777777,-1.4033333333333333,359.1875,-13.625,-81.0625,203636736.0,169541632.0,42942464.0,1376256.0,0.9,-0.26,-0.27,-2.31,9.41,1.48
528,2278.602,10,-1.73,8.77,0.94,11.875,-35.5625,-31.0,-0.7655555555555555,0.5055555555555555,-1.3811111111111112,359.625,-14.4375,-80.625,204144640.0,168509440.0,44548096.0,606208.0,0.71,-0.59,-0.59,-2.44,9.37,1.53
529,2288.609,10,-2.15,8.53,0.84,11.875,-35.5625,-31.0,-0.7033333333333334,0.3977777777777778,-1.3144444444444445,0.0625,-15.1875,-80.3125,204619776.0,167542784.0,45973504.0,-196608.0,0.41,-0.79,-0.74,-2.56,9.32,1.59
530,2298.6420000000003,10,-2.49,8.14,0.88,11.875,-35.5625,-31.0,-0.5566666666666666,0.3055555555555556,-1.2077777777777778,0.5625,-15.8125,-80.0,204996608.0,166739968.0,47235072.0,-999424.0,0.18,-1.14,-0.74,-2.68,9.29,1.63
531,2310.727,12,-2.32,7.93,0.92,14.375,-35.5625,-29.75,-0.4033333333333333,0.24666666666666667,-1.0811111111111111,0.9375,-16.4375,-79.8125,205242368.0,166100992.0,48332800.0,-1769472.0,0.45,-1.32,-0.73,-2.78,9.25,1.66
532,2317.8920000000003,7,-2.22,7.66,0.91,14.375,-35.5625,-29.75,-0.2911111111111111,0.23,-0.9644444444444444,1.375,-17.0,-79.625,205422592.0,165593088.0,49332224.0,-2457600.0,0.63,-1.56,-0.76,-2.86,9.22,1.68
533,2328.574,10,-2.19,7.37,0.94,14.375,-35.5625,-29.75,-0.27111111111111114,0.26222222222222225,-0.8755555555555555,1.6875,-17.5,-79.5,205553664.0,165134336.0,50266112.0,-3047424.0,0.75,-1.82,-0.75,-2.94,9.19,1.69
534,2338.657,10,-2.16,7.03,1.17,14.375,-35.5625,-29.75,-0.3322222222222222,0.3277777777777778,-0.8055555555555556,1.9375,-17.9375,-79.375,205717504.0,164610048.0,51232768.0,-3506176.0,0.85,-2.13,-0.53,-3.02,9.16,1.71
535,2348.616,9,-2.09,6.91,1.05,14.375,-35.5625,-29.75,-0.38555555555555554,0.3888888888888889,-0.7377777777777778,2.125,-18.375,-79.1875,205914112.0,164069376.0,52199424.0,-3817472.0,1.0,-2.22,-0.68,-3.09,9.14,1.73
536,2360.6090000000004,11,-2.15,6.86,1.08,18.0625,-33.0,-31.375,-0.40555555555555556,0.4388888888888889,-0.6555555555555556,2.1875,-18.75,-79.0625,206110720.0,163512320.0,53133312.0,-4014080.0,1.0,-2.24,-0.67,-3.16,9.11,1.76
537,2367.731,7,-2.55,7.03,1.23,18.0625,-33.0,-31.375,-0.38,0.4622222222222222,-0.5466666666666666,2.25,-19.125,-78.875,206274560.0,163004416.0,54034432.0,-4096000.0,0.66,-2.05,-0.54,-3.21,9.09,1.77
538,2378.648,10,-2.86,7.14,1.37,18.0625,-33.0,-31.375,-0.3244444444444444,0.44666666666666666,-0.41,2.25,-19.375,-78.8125,206405632.0,162594816.0,54788096.0,-4079616.0,0.39,-1.93,-0.41,-3.25,9.07,1.79
539,2388.68,10,-2.95,7.24,1.51,18.0625,-33.0,-31.375,-0.2677777777777778,0.39666666666666667,-0.26222222222222225,2.1875,-19.5625,-78.6875,206503936.0,162267136.0,55377920.0,-3948544.0,0.33,-1.81,-0.28,-3.28,9.06,1.8
540,2398.656,9,-2.88,7.37,1.58,18.0625,-33.0,-31.375,-0.1622222222222222,0.3188888888888889,-0.12777777777777777,2.0625,-19.6875,-78.6875,206536704.0,162086912.0,55803904.0,-3784704.0,0.42,-1.68,-0.22,-3.3,9.05,1.8
541,2410.656,12,-2.71,7.59,1.92,18.875,-31.875,-30.6875,-0.07666666666666666,0.23,-0.03,2.0,-19.6875,-78.6875,206536704.0,162004992.0,56049664.0,-3620864.0,0.59,-1.45,0.11,-3.31,9.05,1.8
542,2417.7599999999998,7,-2.66,7.68,1.98,18.875,-31.875,-30.6875,-0.07222222222222222,0.1511111111111111,0.021111111111111112,1.875,-19.6875,-78.6875,206553088.0,161939456.0,56180736.0,-3473408.0,0.65,-1.36,0.17,-3.31,9.05,1.8
543,2428.592,10,-2.65,7.8,1.93,18.875,-31.875,-30.6875,-0.15333333333333332,0.08222222222222222,0.025555555555555557,1.8125,-19.6875,-78.625,206651392.0,161792000.0,56246272.0,-3342336.0,0.65,-1.24,0.11,-3.31,9.04,1.82
544,2438.686,10,-3.01,8.1,2.29,18.875,-31.875,-30.6875,-0.27555555555555555,0.03111111111111111,0.016666666666666666,1.75,-19.6875,-78.4375,206848000.0,161529856.0,56279040.0,-3227648.0,0.29,-0.93,0.44,-3.3,9.04,1.84
545,2448.622,9,-3.19,8.3,2.28,18.875,-31.875,-30.6875,-0.3844444444444444,-0.0077777777777777776,0.006666666666666667,1.6875,-19.6875,-78.25,207142912.0,161153024.0,56279040.0,-3112960.0,0.11,-0.73,0.4,-3.3,9.03,1.87
546,2460.645,12,-3.18,8.31,2.31,20.0,-31.875,-31.0,-0.5077777777777778,-0.03333333333333333,0.01888888888888889,1.625,-19.6875,-77.9375,207552512.0,160661504.0,56229888.0,-2998272.0,0.12,-0.71,0.39,-3.3,9.02,1.92
547,2468.174,7,-3.13,8.33,2.48,20.0,-31.875,-31.0,-0.6522222222222223,-0.04666666666666667,0.02666666666666667,1.5,-19.6875,-77.625,208060416.0,160022528.0,56180736.0,-2818048.0,0.16,-0.68,0.5,-3.3,9.01,1.97
548,2478.669,10,-3.16,8.37,2.4,20.0,-31.875,-31.0,-0.6966666666666667,-0.07,0.042222222222222223,1.4375,-19.625,-77.1875,208601088.0,159334400.0,56082432.0,-2654208.0,0.13,-0.63,0.36,-3.29,9.0,2.04
549,2488.694,10,-3.04,8.35,2.45,20.0,-31.875,-31.0,-0.7022222222222222,-0.09777777777777778,0.044444444444444446,1.3125,-19.625,-76.8125,209158144.0,158646272.0,55967744.0,-2490368.0,0.24,-0.63,0.35,-3.29,8.99,2.1
550,2498.704,10,-2.93,8.27,2.45,20.0,-31.875,-31.0,-0.7011111111111111,-0.11444444444444445,0.03,1.25,-19.5625,-76.375,209715200.0,157958144.0,55836672.0,-2359296.0,0.35,-0.7,0.29,-3.28,8.98,2.16
551,2510.835,12,-3.03,8.42,2.74,19.1875,-30.6875,-31.0,-0.6933333333333334,-0.11222222222222222,0.0044444444444444444,1.1875,-19.5625,-76.0,210272256.0,157270016.0,55721984.0,-2260992.0,0.24,-0.54,0.51,-3.28,8.96,2.22
552,2518.1059999999998,7,-3.14,8.55,2.78,19.1875,-30.6875,-31.0,-0.6433333333333333,-0.10555555555555556,-0.024444444444444446,1.1875,-19.5625,-75.625,210780160.0,156614656.0,55640064.0,-2195456.0,0.14,-0.4,0.49,-3.28,8.95,2.28
553,2528.654,10,-3.18,8.76,2.82,19.1875,-30.6875,-31.0,-0.6066666666666667,-0.08555555555555555,-0.03333333333333333,1.125,-19.5625,-75.3125,211255296.0,155992064.0,55590912.0,-2129920.0,0.09,-0.17,0.48,-3.28,8.93,2.34
554,2538.7909999999997,10,-3.32,8.89,2.87,19.1875,-30.6875,-31.0,-0.6433333333333333,-0.03888888888888889,-0.022222222222222223,1.0625,-19.5625,-74.9375,211746816.0,155336704.0,55574528.0,-2015232.0,-0.03,-0.03,0.47,-3.28,8.92,2.39
555,2548.697,9,-3.46,8.86,2.84,19.1875,-30.6875,-31.0,-0.7077777777777777,0.006666666666666667,0.014444444444444444,0.9375,-19.5625,-74.5625,212254720.0,154632192.0,55574528.0,-1818624.0,-0.17,-0.04,0.38,-3.28,8.9,2.45
556,2560.808,12,-3.41,8.85,2.8,17.375,-30.0625,-31.75,-0.7433333333333333,0.04111111111111111,0.06333333333333334,0.8125,-19.5,-74.125,212795392.0,153894912.0,55574528.0,-1523712.0,-0.12,-0.03,0.28,-3.28,8.89,2.51
557,2567.908,7,-3.34,8.84,2.79,17.375,-30.0625,-31.75,-0.7322222222222222,0.06333333333333334,0.12444444444444444,0.5625,-19.5,-73.75,213319680.0,153190400.0,55541760.0,-1163264.0,-0.07,-0.02,0.21,-3.27,8.87,2.57
558,2578.7200000000003,10,-3.24,8.59,2.66,17.375,-30.0625,-31.75,-0.6911111111111111,0.07777777777777778,0.17333333333333334,0.375,-19.375,-73.4375,213794816.0,152535040.0,55508992.0,-737280.0,0.01,-0.26,0.02,-3.26,8.86,2.63
559,2589.6180000000004,10,-3.32,8.39,2.87,17.375,-30.0625,-31.75,-0.6255555555555555,0.08888888888888889,0.20333333333333334,0.125,-19.3125,-73.0625,214269952.0,151879680.0,55476224.0,-344064.0,-0.07,-0.45,0.18,-3.24,8.85,2.69
560,2598.725,9,-3.36,8.53,2.85,17.375,-30.0625,-31.75,-0.5588888888888889,0.10555555555555556,0.20333333333333334,359.9375,-19.25,-72.8125,214646784.0,151371776.0,55443456.0,81920.0,-0.13,-0.31,0.12,-3.23,8.84,2.73
561,2612.037,13,-3.41,8.73,2.99,18.875,-29.5625,-33.75,-0.4588888888888889,0.11222222222222222,0.18222222222222223,359.8125,-19.1875,-72.5625,214941696.0,150978560.0,55328768.0,344064.0,-0.19,-0.1,0.22,-3.22,8.83,2.76
562,2619.093,7,-3.6,8.91,3.06,18.875,-29.5625,-33.75,-0.4533333333333333,0.13444444444444445,0.15,359.5625,-19.125,-72.375,215236608.0,150552576.0,55361536.0,704512.0,-0.39,0.08,0.26,-3.21,8.83,2.8
563,2628.2000000000003,9,-3.47,9.02,2.96,18.875,-29.5625,-33.75,-0.52,0.1511111111111111,0.11555555555555555,359.375,-19.0625,-72.125,215564288.0,150044672.0,55427072.0,1081344.0,-0.27,0.2,0.11,-3.2,8.82,2.84
564,2638.77,10,-3.32,8.97,2.94,18.875,-29.5625,-33.75,-0.5666666666666667,0.16111111111111112,0.07111111111111111,359.25,-19.0625,-71.8125,215924736.0,149487616.0,55541760.0,1409024.0,-0.11,0.16,0.05,-3.2,8.8,2.88
565,2648.764,9,-3.15,9.03,2.92,18.875,-29.5625,-33.75,-0.5477777777777778,0.15333333333333332,0.017777777777777778,359.0625,-19.0625,-71.5625,216268800.0,148930560.0,55672832.0,1687552.0,0.05,0.24,0.0,-3.2,8.79,2.92
566,2662.1079999999997,13,-2.95,9.05,3.09,19.5625,-28.1875,-34.6875,-0.4722222222222222,0.13111111111111112,-0.05444444444444444,359.0,-19.125,-71.3125,216580096.0,148422656.0,55853056.0,1851392.0,0.26,0.28,0.12,-3.21,8.77,2.96
567,2669.496,7,-3.1,8.83,3.24,19.5625,-28.1875,-34.6875,-0.43444444444444447,0.11,-0.1322222222222222,358.9375,-19.1875,-71.125,216858624.0,147947520.0,56049664.0,1900544.0,0.12,0.07,0.25,-3.23,8.76,2.99
568,2679.165,9,-3.22,8.93,3.21,19.5625,-28.1875,-34.6875,-0.3522222222222222,0.06777777777777778,-0.21,359.0,-19.3125,-70.9375,217088000.0,147521536.0,56262656.0,1835008.0,0.03,0.18,0.19,-3.25,8.74,3.02
569,2688.691,9,-3.16,9.14,3.13,19.5625,-28.1875,-34.6875,-0.2288888888888889,0.013333333333333334,-0.2877777777777778,359.125,-19.5,-70.75,217235456.0,147210240.0,56475648.0,1605632.0,0.1,0.42,0.09,-3.27,8.72,3.03
570,2699.566,10,-3.09,9.21,3.08,19.5625,-28.1875,-34.6875,-0.18333333333333332,-0.028888888888888888,-0.36,359.25,-19.625,-70.6875,217366528.0,146980864.0,56590336.0,1343488.0,0.2,0.49,0.02,-3.29,8.71,3.05
571,2712.1330000000003,12,-3.06,9.32,3.2,19.1875,-27.5,-35.0,-0.21555555555555556,-0.06222222222222222,-0.4177777777777778,359.5,-19.8125,-70.5,217546752.0,146653184.0,56786944.0,884736.0,0.25,0.62,0.12,-3.32,8.69,3.07
572,2719.204,7,-3.11,9.45,3.32,19.1875,-27.5,-35.0,-0.2577777777777778,-0.09555555555555556,-0.44666666666666666,359.75,-20.0,-70.3125,217743360.0,146276352.0,56999936.0,425984.0,0.25,0.78,0.23,-3.36,8.67,3.09
573,2728.881,9,-3.23,9.89,3.43,19.1875,-27.5,-35.0,-0.31777777777777777,-0.14222222222222222,-0.43555555555555553,0.0,-20.1875,-70.0625,218005504.0,145817600.0,57147392.0,-32768.0,0.16,1.24,0.3,-3.39,8.65,3.12
574,2738.773,9,-3.14,9.91,3.49,19.1875,-27.5,-35.0,-0.43222222222222223,-0.18777777777777777,-0.38666666666666666,0.1875,-20.375,-69.8125,218349568.0,145260544.0,57229312.0,-442368.0,0.27,1.28,0.32,-3.41,8.62,3.17
575,2748.774,10,-3.17,9.79,3.53,19.1875,-27.5,-35.0,-0.5744444444444444,-0.22111111111111112,-0.31222222222222223,0.375,-20.5,-69.4375,218808320.0,144588800.0,57212928.0,-770048.0,0.26,1.19,0.3,-3.43,8.59,3.22
576,2762.246,13,-3.17,9.52,3.39,17.375,-27.1875,-35.5,-0.73,-0.24888888888888888,-0.23333333333333334,0.875,-20.5625,-68.9375,219381760.0,143966208.0,56606720.0,-1769472.0,0.27,0.95,0.09,-3.44,8.56,3.29
577,2770.2749999999996,8,-3.25,9.1,3.25,17.375,-27.1875,-35.5,-0.8655555555555555,-0.2644444444444444,-0.16333333333333333,0.9375,-20.5625,-68.4375,220037120.0,143015936.0,56442880.0,-1884160.0,0.19,0.57,-0.11,-3.45,8.53,3.37
578,2778.587,8,-3.26,8.78,3.18,17.375,-27.1875,-35.5,-0.9666666666666667,-0.27,-0.10555555555555556,0.9375,-20.5625,-67.8125,220758016.0,141967360.0,56246272.0,-1916928.0,0.19,0.27,-0.27,-3.45,8.5,3.45
579,2788.7270000000003,10,-3.2,8.58,3.12,17.375,-27.1875,-35.5,-0.9922222222222222,-0.27111111111111114,-0.07222222222222222,0.9375,-20.5625,-67.25,221495296.0,140902400.0,56016896.0,-1916928.0,0.24,0.12,-0.42,-3.45,8.46,3.54
580,2798.761,10,-3.09,8.48,2.93,17.375,-27.1875,-35.5,-0.9555555555555556,-0.24888888888888888,-0.05444444444444444,0.9375,-20.5625,-66.625,222199808.0,139870208.0,55803904.0,-1884160.0,0.35,0.05,-0.7,-3.44,8.43,3.63
581,2812.154,13,-3.12,8.35,2.88,19.5625,-26.375,-37.0625,-0.8811111111111111,-0.20666666666666667,-0.034444444444444444,1.0,-20.5,-66.125,222838784.0,138969088.0,55525376.0,-1966080.0,0.31,-0.03,-0.82,-3.44,8.39,3.71
582,2819.571,7,-3.14,8.28,2.87,19.5625,-26.375,-37.0625,-0.7844444444444445,-0.1388888888888889,-0.0077777777777777776,0.9375,-20.5,-65.6875,223395840.0,138133504.0,55377920.0,-1851392.0,0.29,-0.08,-0.9,-3.43,8.37,3.77
583,2829.253,9,-2.97,8.63,2.82,19.5625,-26.375,-37.0625,-0.6577777777777778,-0.051111111111111114,0.023333333333333334,0.8125,-20.4375,-65.3125,223838208.0,137445376.0,55328768.0,-1687552.0,0.46,0.28,-1.0,-3.43,8.34,3.83
584,2838.816,9,-2.97,8.65,2.93,19.5625,-26.375,-37.0625,-0.5188888888888888,0.057777777777777775,0.057777777777777775,0.6875,-20.4375,-65.0625,224165888.0,136904704.0,55345152.0,-1458176.0,0.45,0.32,-0.93,-3.43,8.33,3.87
585,2848.817,10,-2.96,8.65,3.04,19.5625,-26.375,-37.0625,-0.4122222222222222,0.17222222222222222,0.09111111111111111,0.5625,-20.4375,-64.875,224378880.0,136495104.0,55476224.0,-1130496.0,0.46,0.33,-0.85,-3.43,8.31,3.89
586,2863.1099999999997,14,-2.97,8.55,3.13,20.0,-23.75,-38.0,-0.3188888888888889,0.2722222222222222,0.10222222222222223,0.125,-20.1875,-65.375,223805440.0,137445376.0,55492608.0,-311296.0,0.41,0.18,-0.68,-3.39,8.36,3.82
587,2870.707,7,-3.45,8.13,3.21,20.0,-23.75,-38.0,-0.2388888888888889,0.35333333333333333,0.07444444444444444,359.875,-20.1875,-65.625,223510528.0,137756672.0,55869440.0,163840.0,-0.06,-0.24,-0.57,-3.39,8.38,3.79
588,2878.542,7,-3.65,7.95,3.2,20.0,-23.75,-38.0,-0.18333333333333332,0.4077777777777778,0.01,359.75,-20.3125,-65.625,223526912.0,137560064.0,56295424.0,491520.0,-0.24,-0.42,-0.59,-3.4,8.37,3.79
589,2888.806,10,-3.65,7.9,3.33,20.0,-23.75,-38.0,-0.13,0.43444444444444447,-0.06666666666666667,359.5625,-20.4375,-65.625,223494144.0,137412608.0,56803328.0,737280.0,-0.22,-0.46,-0.44,-3.42,8.37,3.78
590,2898.7980000000002,9,-3.53,8.2,3.22,20.0,-23.75,-38.0,-0.056666666666666664,0.43555555555555553,-0.14444444444444443,359.5,-20.625,-65.625,223412224.0,137297920.0,57360384.0,884736.0,-0.08,-0.15,-0.55,-3.45,8.36,3.77
591,2912.069,13,-3.54,8.23,3.17,19.1875,-23.0,-37.5,-0.0033333333333333335,0.42,-0.2011111111111111,359.5,-20.8125,-65.6875,223297536.0,137248768.0,57933824.0,933888.0,-0.05,-0.12,-0.58,-3.48,8.35,3.76
592,2920.186,8,-3.51,8.29,3.23,19.1875,-23.0,-37.5,-0.01,0.40555555555555556,-0.21888888888888888,359.5,-21.0,-65.75,223182848.0,137183232.0,58507264.0,966656.0,0.0,-0.05,-0.51,-3.51,8.34,3.75
593,2928.616,8,-3.57,8.38,3.19,19.1875,-23.0,-37.5,-0.011111111111111112,0.38555555555555554,-0.2,359.4375,-21.1875,-65.8125,223084544.0,137117696.0,59047936.0,999424.0,-0.03,0.04,-0.54,-3.54,8.34,3.74
594,2939.749,11,-3.91,8.16,3.18,19.1875,-23.0,-37.5,0.006666666666666667,0.35444444444444445,-0.14555555555555555,359.4375,-21.4375,-66.0625,222724096.0,137379840.0,59801600.0,983040.0,-0.32,-0.18,-0.5,-3.58,8.34,3.69
595,2948.858,9,-4.09,8.15,3.22,19.1875,-23.0,-37.5,0.025555555555555557,0.31555555555555553,-0.07111111111111111,359.375,-21.5625,-66.125,222625792.0,137379840.0,60194816.0,1114112.0,-0.49,-0.18,-0.45,-3.6,8.34,3.68
596,2962.101,13,-4.14,8.22,3.22,20.0,-23.375,-36.25,0.07555555555555556,0.2788888888888889,0.01,359.3125,-21.625,-66.25,222494720.0,137461760.0,60489728.0,1261568.0,-0.52,-0.12,-0.44,-3.61,8.34,3.66
597,2969.426,7,-4.13,8.34,3.21,20.0,-23.375,-36.25,0.11666666666666667,0.24222222222222223,0.09888888888888889,359.1875,-21.625,-66.375,222347264.0,137625600.0,60669952.0,1490944.0,-0.51,0.0,-0.43,-3.61,8.35,3.64
598,2979.096,9,-4.16,8.46,3.24,20.0,-23.375,-36.25,0.14888888888888888,0.20777777777777778,0.19444444444444445,359.0625,-21.5625,-66.5,222183424.0,137822208.0,60768256.0,1802240.0,-0.55,0.09,-0.38,-3.6,8.36,3.63
599,2988.839,9,-4.21,8.5,3.31,20.0,-23.375,-36.25,0.17,0.1811111111111111,0.2911111111111111,358.875,-21.4375,-66.6875,222019584.0,138084352.0,60768256.0,2179072.0,-0.62,0.12,-0.3,-3.59,8.38,3.61
600,2998.86,10,-4.2,8.54,3.36,20.0,-23.375,-36.25,0.17777777777777778,0.15555555555555556,0.3888888888888889,358.625,-21.3125,-66.8125,221855744.0,138395648.0,60686336.0,2637824.0,-0.64,0.14,-0.22,-3.56,8.4,3.59
601,0.0,0,-3.22,7.86,4.9,34.5,-21.375,-23.5625,0.008888888888888889,-0.03888888888888889,0.02666666666666667,301.375,-16.5,-57.3125,203866112.0,87015424.0,99139584.0,114442240.0,-0.43,-0.05,-0.16,-2.79,7.91,5.07
602,8.547,8,-3.32,7.84,4.9,34.5,-21.375,-23.5625,0.0033333333333333335,-0.03888888888888889,0.04888888888888889,301.3125,-16.5,-57.3125,203866112.0,87064576.0,99074048.0,114458624.0,-0.53,-0.07,-0.17,-2.78,7.91,5.07
603,17.228,8,-3.39,7.78,4.95,34.5,-21.375,-23.5625,0.01,-0.044444444444444446,0.06888888888888889,301.3125,-16.4375,-57.3125,203849728.0,87113728.0,99008512.0,114507776.0,-0.62,-0.12,-0.11,-2.77,7.91,5.07
604,25.252,8,-3.58,7.82,5.08,34.5,-21.375,-23.5625,0.02,-0.05555555555555555,0.07777777777777778,301.3125,-16.375,-57.3125,203816960.0,87212032.0,98926592.0,114556928.0,-0.81,-0.09,0.0,-2.76,7.92,5.07
605,38.41,13,-3.75,7.92,5.16,36.375,-21.375,-25.5625,0.027777777777777776,-0.06888888888888889,0.08555555555555555,301.25,-16.3125,-57.375,203767808.0,87293952.0,98861056.0,114638848.0,-0.99,0.0,0.09,-2.75,7.92,5.07
606,45.830999999999996,7,-3.89,7.95,5.25,36.375,-21.375,-25.5625,0.0033333333333333335,-0.08777777777777777,0.08888888888888889,301.25,-16.25,-57.375,203767808.0,87375872.0,98746368.0,114688000.0,-1.14,0.02,0.17,-2.74,7.92,5.07
607,54.824,8,-4.13,8.1,5.31,36.375,-21.375,-25.5625,-0.044444444444444446,-0.10777777777777778,0.10666666666666667,301.1875,-16.1875,-57.3125,203767808.0,87441408.0,98566144.0,114769920.0,-1.39,0.17,0.23,-2.73,7.92,5.08
608,64.92,10,-4.62,8.7,5.54,36.375,-21.375,-25.5625,-0.16333333333333333,-0.12555555555555556,0.14555555555555555,301.125,-16.0625,-57.25,203816960.0,87425024.0,98287616.0,114933760.0,-1.91,0.78,0.45,-2.71,7.92,5.09
609,75.061,10,-4.94,9.09,5.66,36.375,-21.375,-25.5625,-0.4022222222222222,-0.1388888888888889,0.22111111111111112,301.0,-15.9375,-57.0,203931648.0,87212032.0,97845248.0,115277824.0,-2.25,1.18,0.53,-2.69,7.91,5.13
610,88.268,13,-5.3,9.44,5.85,33.6875,-20.6875,-25.1875,-0.7355555555555555,-0.16111111111111112,0.3244444444444444,300.8125,-15.75,-56.625,204144640.0,86753280.0,97140736.0,115851264.0,-2.64,1.55,0.66,-2.66,7.88,5.18
611,95.69500000000001,7,-5.66,9.29,5.82,33.6875,-20.6875,-25.1875,-1.1,-0.21333333333333335,0.43666666666666665,300.5625,-15.4375,-56.0,204455936.0,85999616.0,96141312.0,116686848.0,-3.04,1.45,0.54,-2.61,7.83,5.27
612,105.232,9,-5.71,8.9,5.62,33.6875,-20.6875,-25.1875,-1.318888888888889,-0.2866666666666667,0.5144444444444445,300.1875,-15.125,-55.3125,204832768.0,85114880.0,94928896.0,117669888.0,-3.14,1.11,0.24,-2.56,7.78,5.38
613,114.733,9,-5.79,8.61,5.39,33.6875,-20.6875,-25.1875,-1.24,-0.3477777777777778,0.5288888888888889,299.9375,-14.8125,-54.625,205193216.0,84328448.0,93667328.0,118603776.0,-3.28,0.88,-0.08,-2.5,7.73,5.48
614,124.685,9,-5.89,8.5,5.29,33.6875,-20.6875,-25.1875,-0.8944444444444445,-0.35444444444444445,0.49,299.6875,-14.4375,-54.125,205422592.0,83886080.0,92618752.0,119341056.0,-3.43,0.8,-0.25,-2.45,7.69,5.55
615,137.927,13,-6.04,8.96,5.18,33.6875,-21.375,-25.5625,-0.4444444444444444,-0.26555555555555554,0.42,299.4375,-14.1875,-53.9375,205488128.0,83771392.0,91947008.0,119848960.0,-3.63,1.28,-0.4,-2.4,7.68,5.59
616,144.91799999999998,6,-6.22,9.33,5.34,33.6875,-21.375,-25.5625,-0.08444444444444445,-0.07777777777777778,0.34444444444444444,299.3125,-14.0,-53.875,205357056.0,83886080.0,91684864.0,120193024.0,-3.84,1.64,-0.26,-2.38,7.68,5.6
617,154.62,9,-6.5,9.64,5.6,33.6875,-21.375,-25.5625,0.08555555555555555,0.17555555555555555,0.28,299.125,-13.9375,-54.0,205078528.0,84000768.0,91799552.0,120487936.0,-4.13,1.94,0.01,-2.36,7.69,5.59
618,164.692,10,-6.72,11.11,6.24,33.6875,-21.375,-25.5625,0.09444444444444444,0.44333333333333336,0.25222222222222224,298.875,-14.0,-54.125,204701696.0,83951616.0,92176384.0,120864768.0,-4.34,3.4,0.67,-2.37,7.71,5.57
619,174.71,10,-6.7,11.18,6.51,33.6875,-21.375,-25.5625,-0.08777777777777777,0.68,0.27444444444444444,298.5,-14.0625,-54.125,204275712.0,83591168.0,92684288.0,121454592.0,-4.31,3.47,0.95,-2.39,7.71,5.56
620,188.037,13,-6.87,11.05,6.83,33.375,-21.375,-24.375,-0.29333333333333333,0.8377777777777777,0.3011111111111111,297.6875,-14.1875,-54.125,203407360.0,82608128.0,93503488.0,122961920.0,-4.46,3.35,1.27,-2.41,7.7,5.56
621,196.043,8,-6.83,10.82,6.93,33.375,-21.375,-24.375,-0.4033333333333333,0.9077777777777778,0.2788888888888889,297.25,-14.375,-54.0,202997760.0,81805312.0,94044160.0,123764736.0,-4.39,3.13,1.35,-2.44,7.68,5.57
622,204.143,8,-6.19,10.54,6.84,33.375,-21.375,-24.375,-0.5022222222222222,0.9188888888888889,0.1711111111111111,296.8125,-14.625,-53.875,202670080.0,80855040.0,94568448.0,124502016.0,-3.72,2.87,1.25,-2.47,7.66,5.59
623,214.73700000000002,10,-5.97,10.72,6.69,33.375,-21.375,-24.375,-0.67,0.9144444444444444,-0.017777777777777778,296.5625,-14.875,-53.5625,202522624.0,79659008.0,95059968.0,125140992.0,-3.44,3.09,1.07,-2.52,7.62,5.61
624,224.758,10,-5.75,10.76,6.68,33.375,-21.375,-24.375,-0.8877777777777778,0.8922222222222222,-0.2588888888888889,296.375,-15.3125,-53.1875,202604544.0,78168064.0,95485952.0,125632512.0,-3.16,3.19,1.01,-2.59,7.57,5.66
625,237.981,13,-5.46,10.74,6.33,34.0625,-21.75,-24.375,-1.0722222222222222,0.8688888888888889,-0.5077777777777778,295.9375,-15.8125,-52.6875,202522624.0,76087296.0,96092160.0,126550016.0,-2.79,3.24,0.61,-2.67,7.5,5.71
626,245.243,7,-5.21,10.63,6.26,34.0625,-21.75,-24.375,-1.2466666666666666,0.8322222222222222,-0.7422222222222222,296.0625,-16.375,-52.0,203046912.0,74039296.0,96419840.0,126713856.0,-2.44,3.21,0.48,-2.77,7.41,5.78
627,254.98100000000002,9,-5.08,10.4,6.07,34.0625,-21.75,-24.375,-1.3422222222222222,0.7622222222222222,-0.9544444444444444,296.25,-17.0625,-51.3125,203735040.0,71843840.0,96665600.0,126664704.0,-2.19,3.08,0.22,-2.88,7.31,5.85
628,264.706,9,-4.97,9.93,6.08,34.0625,-21.75,-24.375,-1.4111111111111112,0.6477777777777778,-1.1433333333333333,296.5625,-17.75,-50.5,204587008.0,69566464.0,96829440.0,126418944.0,-1.97,2.72,0.15,-2.99,7.2,5.93
629,274.721,10,-4.52,8.7,5.86,34.0625,-21.75,-24.375,-1.4044444444444444,0.5011111111111111,-1.3177777777777777,297.0,-18.5,-49.625,205602816.0,67289088.0,96911360.0,125943808.0,-1.41,1.62,-0.15,-3.11,7.08,6.01
630,287.991,13,-4.26,8.12,5.81,33.375,-20.25,-24.0,-1.26,0.32555555555555554,-1.4822222222222223,297.5,-19.25,-48.8125,206684160.0,65126400.0,96976896.0,125288448.0,-1.02,1.15,-0.28,-3.23,6.97,6.09
631,295.014,7,-4.02,7.78,5.57,33.375,-20.25,-24.0,-0.9844444444444445,0.15,-1.6388888888888888,298.25,-19.9375,-48.0625,207880192.0,63307776.0,97042432.0,124174336.0,-0.67,0.91,-0.57,-3.35,6.86,6.15
632,304.721,9,-3.72,7.55,5.46,33.375,-20.25,-24.0,-0.7155555555555555,0.014444444444444444,-1.7666666666666666,299.125,-20.6875,-47.4375,209125376.0,61784064.0,97157120.0,122748928.0,-0.26,0.79,-0.73,-3.46,6.76,6.19
633,314.78099999999995,10,-3.23,7.82,5.24,33.375,-20.25,-24.0,-0.4888888888888889,-0.09111111111111111,-1.8355555555555556,300.125,-21.375,-46.9375,210370560.0,60489728.0,97320960.0,121126912.0,0.34,1.15,-0.98,-3.57,6.67,6.23
634,324.724,9,-3.08,7.8,5.08,33.375,-20.25,-24.0,-0.35888888888888887,-0.16111111111111112,-1.84,301.125,-22.0625,-46.4375,211599360.0,59375616.0,97484800.0,119390208.0,0.6,1.22,-1.17,-3.68,6.58,6.26
635,336.823,12,-3.17,7.81,4.98,36.0,-15.875,-22.75,-0.29444444444444445,-0.18666666666666668,-1.8,302.0625,-22.6875,-45.9375,212779008.0,58343424.0,97632256.0,117669888.0,0.61,1.3,-1.3,-3.78,6.5,6.28
636,343.784,6,-3.18,7.69,4.64,36.0,-15.875,-22.75,-0.24555555555555555,-0.18222222222222223,-1.7433333333333334,303.0625,-23.3125,-45.5,213909504.0,57393152.0,97779712.0,115965952.0,0.69,1.27,-1.66,-3.88,6.42,6.3
637,354.736,10,-3.11,6.95,4.62,36.0,-15.875,-22.75,-0.2822222222222222,-0.1411111111111111,-1.7177777777777778,304.0,-23.875,-45.0625,214990848.0,56377344.0,97943552.0,114311168.0,0.86,0.6,-1.7,-3.97,6.34,6.32
638,364.803,10,-3.16,6.41,4.79,36.0,-15.875,-22.75,-0.3811111111111111,-0.09666666666666666,-1.7677777777777777,304.875,-24.5625,-44.5,216088576.0,55214080.0,98107392.0,112640000.0,0.91,0.15,-1.56,-4.07,6.25,6.35
639,374.803,10,-3.17,6.32,5.06,36.0,-15.875,-22.75,-0.5011111111111111,-0.09888888888888889,-1.89,305.875,-25.1875,-43.875,217268224.0,53870592.0,98238464.0,110903296.0,1.0,0.17,-1.32,-4.18,6.15,6.39
640,386.88800000000003,12,-3.65,6.4,5.43,36.6875,-12.875,-24.0,-0.6311111111111111,-0.15888888888888889,-2.028888888888889,306.9375,-25.9375,-43.125,218562560.0,52363264.0,98254848.0,109068288.0,0.63,0.36,-1.0,-4.29,6.03,6.43
641,394.452,7,-3.84,6.71,5.61,36.6875,-12.875,-24.0,-0.6266666666666667,-0.29333333333333333,-2.1544444444444446,308.0625,-26.5625,-42.3125,219955200.0,50855936.0,98156544.0,107036672.0,0.54,0.8,-0.86,-4.39,5.9,6.48
642,404.711,10,-4.0,7.07,5.79,36.6875,-12.875,-24.0,-0.4988888888888889,-0.48,-2.236666666666667,309.3125,-27.1875,-41.5,221429760.0,49528832.0,97927168.0,104808448.0,0.48,1.29,-0.73,-4.48,5.77,6.52
643,414.863,10,-3.73,6.75,6.55,36.6875,-12.875,-24.0,-0.31222222222222223,-0.6911111111111111,-2.32,310.6875,-27.75,-40.6875,222969856.0,48463872.0,97583104.0,102350848.0,0.83,1.09,-0.01,-4.57,5.65,6.57
644,424.85200000000003,9,-3.76,6.65,7.03,36.6875,-12.875,-24.0,0.028888888888888888,-0.9322222222222222,-2.4522222222222223,312.1875,-28.25,-40.0,224559104.0,47808512.0,97173504.0,99516416.0,0.88,1.1,0.41,-4.64,5.55,6.61
645,438.072,13,-4.0,6.83,7.52,37.0625,-9.5625,-24.375,0.39111111111111113,-1.1766666666666667,-2.6566666666666667,313.8125,-28.6875,-39.375,226197504.0,47480832.0,96714752.0,96354304.0,0.7,1.37,0.88,-4.7,5.46,6.64
646,445.33299999999997,7,-4.27,6.93,8.29,37.0625,-9.5625,-24.375,0.5344444444444445,-1.3911111111111112,-2.9255555555555555,315.75,-29.0625,-38.6875,228016128.0,47349760.0,96124928.0,92651520.0,0.49,1.57,1.6,-4.77,5.36,6.68
647,455.07,9,-4.19,6.64,9.91,37.0625,-9.5625,-24.375,0.3488888888888889,-1.5822222222222222,-3.2444444444444445,317.8125,-29.5,-37.8125,230064128.0,46940160.0,95272960.0,88604672.0,0.63,1.4,3.17,-4.83,5.23,6.73
648,464.765,9,-3.92,5.99,10.31,37.0625,-9.5625,-24.375,-0.15555555555555556,-1.7733333333333334,-3.628888888888889,320.125,-29.9375,-36.5,232374272.0,45858816.0,94060544.0,84295680.0,0.96,0.94,3.49,-4.89,5.05,6.82
649,474.785,10,-3.32,4.78,10.35,37.0625,-9.5625,-24.375,-0.7288888888888889,-1.9755555555555555,-4.065555555555555,322.5,-30.375,-34.6875,234995712.0,44023808.0,92454912.0,79675392.0,1.63,-0.03,3.4,-4.95,4.82,6.95
650,487.154,12,-1.72,2.0,9.64,37.5,-4.1875,-26.5,-1.001111111111111,-2.168888888888889,-4.544444444444444,325.125,-30.75,-32.5625,237813760.0,41713664.0,90570752.0,74563584.0,3.28,-2.53,2.54,-5.01,4.53,7.1
651,494.162,7,-0.83,0.96,9.35,37.5,-4.1875,-26.5,-0.7533333333333333,-2.3066666666666666,-5.024444444444445,328.0625,-31.0625,-30.375,240648192.0,39501824.0,88670208.0,68730880.0,4.23,-3.28,2.11,-5.06,4.24,7.24
652,504.69,10,-0.04,0.19,9.26,37.5,-4.1875,-26.5,-0.016666666666666666,-2.3233333333333333,-5.4366666666666665,331.375,-31.4375,-28.375,243302400.0,37928960.0,86982656.0,62062592.0,5.07,-3.79,1.9,-5.12,3.98,7.35
653,514.853,10,0.83,-0.05,9.41,37.5,-4.1875,-26.5,0.93,-2.138888888888889,-5.706666666666667,334.875,-31.875,-26.875,245596160.0,37273600.0,85786624.0,54673408.0,6.01,-3.82,1.99,-5.18,3.76,7.42
654,524.845,9,2.9,0.21,9.54,37.5,-4.1875,-26.5,1.71,-1.6788888888888889,-5.7811111111111115,338.5,-32.4375,-25.75,247382016.0,37322752.0,85245952.0,46907392.0,8.17,-3.38,2.1,-5.26,3.6,7.44
655,537.1519999999999,12,4.18,1.02,9.19,34.875,2.5,-30.5,2.137777777777778,-0.8755555555555555,-5.573333333333333,342.0,-33.3125,-25.0625,248496128.0,37765120.0,85655552.0,39321600.0,9.57,-2.44,1.76,-5.38,3.47,7.42
656,544.143,6,4.63,1.38,8.41,34.875,2.5,-30.5,2.03,0.31555555555555553,-4.987777777777778,345.0,-34.625,-24.5,248856576.0,38060032.0,87277568.0,32653312.0,10.21,-1.97,1.08,-5.57,3.35,7.33
657,554.609,10,4.36,1.23,7.79,34.875,2.5,-30.5,1.508888888888889,1.8455555555555556,-3.97,347.25,-36.4375,-24.25,248365056.0,37896192.0,90390528.0,27656192.0,10.19,-2.0,0.6,-5.82,3.24,7.19
658,564.8180000000001,10,3.84,1.34,7.28,34.875,2.5,-30.5,1.1822222222222223,3.4677777777777776,-2.546666666666667,348.5,-38.6875,-24.5,246939648.0,37732352.0,95076352.0,24772608.0,9.98,-1.83,0.32,-6.13,3.17,6.95
659,574.821,10,3.47,1.74,6.74,34.875,2.5,-30.5,1.1233333333333333,4.983333333333333,-0.8577777777777778,348.6875,-41.375,-25.75,244514816.0,38076416.0,101171200.0,24133632.0,9.96,-1.45,0.12,-6.48,3.19,6.62
660,587.249,12,2.79,2.14,6.35,32.1875,9.1875,-30.0625,1.181111111111111,6.27,0.8866666666666667,347.8125,-44.1875,-28.1875,241074176.0,39124992.0,108380160.0,25722880.0,9.63,-1.17,0.15,-6.83,3.32,6.19
661,594.765,7,1.48,3.15,5.12,32.1875,9.1875,-30.0625,1.2533333333333334,7.228888888888889,2.5144444444444445,345.875,-46.875,-32.125,236650496.0,40943616.0,116277248.0,29278208.0,8.64,-0.4,-0.54,-7.16,3.56,5.67
662,604.7040000000001,9,0.96,3.73,3.88,32.1875,9.1875,-30.0625,1.3055555555555556,7.846666666666667,3.93,343.0,-49.1875,-37.5,231309312.0,43466752.0,124403712.0,34471936.0,8.39,-0.16,-1.19,-7.42,3.9,5.08
663,614.8430000000001,10,0.9,4.44,2.09,32.1875,9.1875,-30.0625,1.4344444444444444,8.177777777777777,5.136666666666667,339.375,-50.6875,-44.25,225099776.0,46678016.0,132415488.0,40910848.0,8.49,0.11,-2.34,-7.59,4.33,4.44
664,624.8430000000001,10,1.69,6.28,-2.0,32.1875,9.1875,-30.0625,1.711111111111111,8.343333333333334,6.2,335.0,-51.1875,-52.1875,217989120.0,50724864.0,140115968.0,48267264.0,9.34,1.43,-5.76,-7.64,4.85,3.76
665,636.983,12,1.86,7.36,-3.38,39.5625,8.0,-21.5625,2.117777777777778,8.421111111111111,7.203333333333333,329.9375,-50.5,-60.6875,209928192.0,55705600.0,147390464.0,56262656.0,9.43,1.92,-6.43,-7.56,5.44,3.04
666,644.245,7,1.79,8.51,-3.94,39.5625,8.0,-21.5625,2.597777777777778,8.425555555555556,8.202222222222222,324.25,-48.375,-69.1875,200818688.0,61685760.0,154058752.0,64749568.0,9.13,2.42,-6.25,-7.33,6.08,2.31
667,654.803,10,2.39,9.87,-4.76,39.5625,8.0,-21.5625,2.9411111111111112,8.36111111111111,9.21111111111111,317.6875,-44.875,-76.9375,190644224.0,68534272.0,159940608.0,73695232.0,9.32,3.1,-6.32,-6.92,6.76,1.56
668,664.851,10,3.48,12.09,-4.86,39.5625,8.0,-21.5625,2.7133333333333334,8.241111111111111,10.223333333333333,310.125,-40.1875,-83.375,179552256.0,75726848.0,164691968.0,83410944.0,9.81,4.65,-5.72,-6.33,7.44,0.86
669,674.879,10,3.97,13.26,-4.68,39.5625,8.0,-21.5625,2.1044444444444443,7.952222222222222,11.238888888888889,301.4375,-34.375,-88.125,167755776.0,82984960.0,167903232.0,94011392.0,9.51,5.18,-4.94,-5.54,8.08,0.25
670,687.179,12,3.95,13.63,-4.17,46.6875,-5.0625,-3.75,1.1622222222222223,7.438888888888889,12.19111111111111,291.6875,-27.75,-91.25,155549696.0,90112000.0,169164800.0,105480192.0,8.52,4.95,-3.98,-4.57,8.67,-0.19
671,694.269,7,-0.44,10.66,-5.36,46.6875,-5.0625,-3.75,0.021111111111111112,6.671111111111111,12.904444444444444,281.25,-20.625,-92.75,143376384.0,96927744.0,168181760.0,117587968.0,3.01,1.49,-4.91,-3.46,9.16,-0.44
672,704.857,10,0.75,8.26,-7.34,46.6875,-5.0625,-3.75,-0.5944444444444444,5.7411111111111115,13.105555555555556,270.875,-13.375,-93.3125,131432448.0,103546880.0,165330944.0,129335296.0,3.02,-1.26,-6.79,-2.27,9.52,-0.55
673,715.037,10,3.77,6.46,-9.18,46.6875,-5.0625,-3.75,-0.39,4.791111111111111,12.534444444444444,261.3125,-6.375,-93.4375,119914496.0,109969408.0,161595392.0,139542528.0,4.87,-3.25,-8.59,-1.09,9.72,-0.59
674,724.961,9,5.23,7.68,-10.51,46.6875,-5.0625,-3.75,0.45555555555555555,3.9811111111111113,11.383333333333333,252.8125,-0.0625,-93.8125,108904448.0,116146176.0,157958144.0,147505152.0,5.24,-2.1,-9.86,-0.01,9.78,-0.65
675,737.086,12,1.37,13.1,-10.78,36.5625,-27.5,11.5625,1.4677777777777778,3.3455555555555554,10.19111111111111,245.3125,5.5,-94.5625,98304000.0,122044416.0,154894336.0,153321472.0,0.42,3.37,-10.0,0.94,9.72,-0.77
676,744.0830000000001,6,-0.17,14.76,-10.5,36.5625,-27.5,11.5625,2.4677777777777776,2.7733333333333334,9.314444444444444,238.375,10.6875,-95.75,87949312.0,127893504.0,152403968.0,157286400.0,-1.99,5.18,-9.53,1.82,9.58,-0.96
677,754.97,10,-0.06,14.84,-10.11,36.5625,-27.5,11.5625,3.2944444444444443,2.097777777777778,8.604444444444445,232.0,15.5,-97.375,77922304.0,133791744.0,150372352.0,159612928.0,-2.68,5.47,-8.89,2.62,9.37,-1.21
678,764.971,10,0.56,15.46,-9.73,36.5625,-27.5,11.5625,3.5011111111111113,1.248888888888889,7.684444444444445,226.4375,19.75,-99.25,68911104.0,139509760.0,148471808.0,160612352.0,-2.75,6.35,-8.24,3.31,9.1,-1.49
679,774.975,10,0.59,15.42,-9.74,36.5625,-27.5,11.5625,2.9322222222222223,0.15222222222222223,6.434444444444445,222.125,23.1875,-101.0625,61915136.0,144818176.0,146423808.0,160661504.0,-3.27,6.57,-8.01,3.86,8.84,-1.73
680,787.2090000000001,12,0.71,15.2,-10.47,15.875,-40.875,16.6875,2.006666666666667,-1.1866666666666668,4.97,219.5625,25.6875,-102.6875,57540608.0,149716992.0,144130048.0,159858688.0,-3.54,6.58,-8.52,4.25,8.61,-1.94
681,794.224,7,1.05,14.76,-11.27,15.875,-40.875,16.6875,1.1511111111111112,-2.6033333333333335,3.448888888888889,218.875,27.1875,-104.25,55885824.0,154337280.0,141803520.0,158121984.0,-3.43,6.31,-9.12,4.48,8.45,-2.15
682,807.486,13,2.76,13.7,-11.55,15.875,-40.875,16.6875,0.6644444444444444,-3.9644444444444447,2.037777777777778,220.0,27.6875,-105.875,56524800.0,158842880.0,139722752.0,155271168.0,-1.79,5.35,-9.17,4.56,8.34,-2.37
683,816.357,8,3.84,13.1,-11.3,15.875,-40.875,16.6875,0.5333333333333333,-5.187777777777778,0.8622222222222222,222.5625,27.3125,-107.625,58900480.0,163332096.0,138035200.0,151191552.0,-0.66,4.81,-8.66,4.5,8.29,-2.64
684,825.452,9,4.66,12.5,-10.77,15.875,-40.875,16.6875,0.6455555555555555,-6.277777777777778,0.008888888888888889,226.375,26.25,-109.625,62488576.0,167936000.0,136675328.0,145833984.0,0.31,4.21,-7.81,4.34,8.28,-2.95
685,837.2420000000001,11,4.96,11.88,-10.02,1.25,-42.25,20.375,0.9544444444444444,-7.2555555555555555,-0.4777777777777778,231.1875,24.625,-111.8125,66732032.0,172834816.0,135479296.0,139198464.0,0.87,3.61,-6.69,4.08,8.27,-3.32
686,844.268,7,5.73,11.54,-8.55,1.25,-42.25,20.375,1.4722222222222223,-8.116666666666667,-0.5966666666666667,236.8125,22.5625,-114.375,71090176.0,178143232.0,134266880.0,131284992.0,1.96,3.3,-4.81,3.76,8.24,-3.73
687,854.891,10,6.12,11.55,-7.76,1.25,-42.25,20.375,2.0922222222222224,-8.833333333333334,-0.4222222222222222,243.125,20.25,-117.1875,75137024.0,183926784.0,132825088.0,122224640.0,2.71,3.37,-3.56,3.4,8.18,-4.2
688,865.0120000000001,10,6.45,11.7,-6.86,1.25,-42.25,20.375,2.64,-9.36111111111111,-0.09111111111111111,250.0625,17.75,-120.125,78708736.0,190038016.0,130957312.0,112230400.0,3.45,3.62,-2.17,2.99,8.07,-4.69
689,875.058,10,6.31,12.4,-5.37,1.25,-42.25,20.375,2.9411111111111112,-9.648888888888889,0.23,257.625,15.125,-123.0625,81838080.0,196214784.0,128565248.0,101646336.0,3.74,4.47,-0.19,2.56,7.92,-5.17
690,887.111,12,5.57,12.56,-4.71,6.875,-40.75,20.0,2.8466666666666667,-9.712222222222222,0.41,266.0,12.3125,-125.75,84819968.0,202014720.0,125632512.0,90914816.0,3.47,4.79,0.87,2.09,7.77,-5.59
691,894.71,7,4.89,12.87,-3.9,6.875,-40.75,20.0,2.508888888888889,-9.613333333333333,0.34555555555555556,275.1875,9.3125,-127.9375,87916544.0,207159296.0,122372096.0,80232448.0,3.29,5.24,2.05,1.59,7.62,-5.95
692,904.918,10,4.11,13.06,-2.95,6.875,-40.75,20.0,1.9555555555555555,-9.355555555555556,-0.0077777777777777776,285.1875,6.125,-129.5,91324416.0,211320832.0,119095296.0,69812224.0,3.05,5.54,3.25,1.05,7.51,-6.2
693,915.1049999999999,10,2.63,13.6,-1.42,6.875,-40.75,20.0,1.241111111111111,-8.956666666666667,-0.6533333333333333,295.75,2.75,-130.5,95272960.0,214269952.0,116162560.0,59785216.0,2.15,6.15,4.93,0.47,7.44,-6.36
694,925.046,9,1.95,14.0,-0.3,6.875,-40.75,20.0,0.4077777777777778,-8.383333333333333,-1.5366666666666666,306.5,-0.8125,-130.75,99844096.0,215810048.0,113950720.0,50282496.0,2.09,6.58,6.09,-0.14,7.42,-6.4
695,937.182,12,1.61,14.65,0.63,15.875,-38.1875,20.0,-0.4766666666666667,-7.6466666666666665,-2.56,316.875,-4.5625,-130.375,105005056.0,215859200.0,112754688.0,41451520.0,2.4,7.2,6.97,-0.78,7.44,-6.33
696,944.47,7,1.51,15.38,1.83,15.875,-38.1875,20.0,-1.5033333333333334,-6.768888888888889,-3.64,326.375,-8.4375,-129.375,110821376.0,214351872.0,112738304.0,33488896.0,2.96,7.89,7.99,-1.44,7.49,-6.15
697,955.013,10,1.78,15.36,2.14,15.875,-38.1875,20.0,-2.7333333333333334,-5.78,-4.713333333333333,334.4375,-12.4375,-127.75,117358592.0,211156992.0,113983488.0,26558464.0,3.9,7.79,8.0,-2.11,7.56,-5.86
698,965.1110000000001,10,1.88,14.79,2.41,15.875,-38.1875,20.0,-4.01,-4.727777777777778,-5.71,341.0,-16.4375,-125.5,124567552.0,206258176.0,116473856.0,20791296.0,4.67,7.14,7.87,-2.78,7.65,-5.46
699,975.087,9,2.07,13.94,2.39,15.875,-38.1875,20.0,-5.095555555555555,-3.6977777777777776,-6.587777777777778,346.125,-20.5625,-122.875,132136960.0,199770112.0,120127488.0,16072704.0,5.52,6.23,7.37,-3.44,7.71,-4.98
700,987.2189999999999,12,2.48,11.74,1.96,25.1875,-37.0625,14.25,-5.764444444444444,-2.7544444444444443,-7.273333333333333,350.0,-24.6875,-120.0625,139591680.0,192004096.0,124731392.0,12156928.0,6.59,4.04,6.42,-4.1,7.7,-4.46
701,994.384,7,2.08,10.35,1.68,25.1875,-37.0625,14.25,-5.8822222222222225,-1.9288888888888889,-7.745555555555556,353.125,-28.875,-117.375,146391040.0,183418880.0,130023424.0,8749056.0,6.83,2.73,5.64,-4.74,7.61,-3.95
702,1005.0079999999999,10,2.07,9.29,1.27,25.1875,-37.0625,14.25,-5.532222222222222,-1.2444444444444445,-8.036666666666667,355.8125,-33.125,-115.1875,152141824.0,174473216.0,135790592.0,5488640.0,7.43,1.86,4.76,-5.36,7.42,-3.49
703,1015.144,10,1.89,7.39,1.23,25.1875,-37.0625,14.25,-4.983333333333333,-0.6966666666666667,-8.167777777777777,358.375,-37.3125,-113.5,156778496.0,165445632.0,141787136.0,2211840.0,7.84,0.25,4.34,-5.95,7.14,-3.11
704,1025.133,9,1.37,6.6,1.41,25.1875,-37.0625,14.25,-4.291111111111111,-0.2922222222222222,-8.163333333333334,0.8125,-41.5,-112.5,160268288.0,156598272.0,147800064.0,-1212416.0,7.87,-0.18,4.22,-6.49,6.78,-2.81
705,1037.303,12,0.9,6.07,1.41,37.5,-28.6875,1.875,-3.5844444444444443,-0.021111111111111112,-8.043333333333333,3.375,-45.5,-112.125,162775040.0,148094976.0,153649152.0,-4833280.0,7.9,-0.28,4.0,-7.0,6.35,-2.58
706,1044.33,7,0.45,5.46,1.35,37.5,-28.6875,1.875,-3.0355555555555553,0.23,-7.8133333333333335,5.875,-49.4375,-112.375,164429824.0,139935744.0,159268864.0,-8486912.0,7.9,-0.43,3.78,-7.45,5.89,-2.42
707,1055.116,10,-0.2,4.56,0.9,37.5,-28.6875,1.875,-2.732222222222222,0.5277777777777778,-7.474444444444444,8.1875,-53.0625,-113.1875,165429248.0,132071424.0,164642816.0,-11894784.0,7.63,-0.85,3.22,-7.84,5.41,-2.31
708,1065.135,10,-0.33,4.14,0.56,37.5,-28.6875,1.875,-2.6977777777777776,0.9144444444444444,-7.006666666666667,10.125,-56.3125,-114.5,165904384.0,124436480.0,169803776.0,-14712832.0,7.82,-0.79,2.81,-8.16,4.93,-2.25
709,1075.1,9,-0.37,3.85,0.12,37.5,-28.6875,1.875,-2.888888888888889,1.4177777777777778,-6.3822222222222225,11.375,-59.125,-116.4375,165920768.0,117047296.0,174800896.0,-16564224.0,8.04,-0.64,2.36,-8.42,4.49,-2.23
710,1087.4379999999999,12,-0.87,3.25,-1.19,46.6875,-10.375,-1.0,-3.2688888888888887,2.028888888888889,-5.598888888888889,11.75,-61.3125,-118.8125,165527552.0,109920256.0,179666944.0,-17121280.0,7.73,-0.85,1.07,-8.6,4.11,-2.26
711,1095.1090000000002,7,-0.84,2.99,-1.97,46.6875,-10.375,-1.0,-3.7377777777777776,2.7133333333333334,-4.635555555555555,11.1875,-62.75,-121.625,164708352.0,103202816.0,184434688.0,-16154624.0,7.88,-0.82,0.38,-8.72,3.81,-2.35
712,1104.98,9,-0.75,2.47,-2.69,46.6875,-10.375,-1.0,-4.203333333333333,3.4277777777777776,-3.5355555555555553,9.4375,-63.375,-124.5,163414016.0,97026048.0,189087744.0,-13549568.0,8.0,-1.14,-0.2,-8.76,3.61,-2.48
713,1115.102,10,-0.63,1.68,-3.38,46.6875,-10.375,-1.0,-4.5777777777777775,4.094444444444444,-2.3766666666666665,6.625,-63.125,-127.0625,161611776.0,91553792.0,193560576.0,-9388032.0,8.1,-1.84,-0.71,-8.74,3.53,-2.67
714,1125.186,10,-0.4,1.05,-4.04,46.6875,-10.375,-1.0,-4.822222222222222,4.6755555555555555,-1.231111111111111,2.75,-62.0625,-129.125,159268864.0,86884352.0,197804032.0,-3866624.0,8.26,-2.5,-1.15,-8.66,3.55,-2.89
715,1137.225,12,-0.39,1.73,-4.25,50.0,3.75,2.1875,-5.014444444444444,5.12,-0.11555555555555555,357.875,-60.3125,-130.375,156434432.0,83017728.0,201703424.0,2883584.0,8.13,-1.95,-1.11,-8.52,3.69,-3.14
716,1144.715,7,-0.23,2.57,-4.46,50.0,3.75,2.1875,-5.323333333333333,5.44,1.0044444444444445,351.875,-58.0,-130.625,153206784.0,79904768.0,205144064.0,10862592.0,8.08,-1.35,-1.08,-8.31,3.93,-3.38
717,1155.068,10,0.39,4.19,-5.28,50.0,3.75,2.1875,-5.823333333333333,5.662222222222222,2.1344444444444446,344.5625,-55.125,-129.875,149667840.0,77381632.0,207978496.0,20234240.0,8.44,-0.1,-1.68,-8.04,4.29,-3.59
718,1165.146,10,0.72,4.86,-6.15,50.0,3.75,2.1875,-6.408888888888889,5.793333333333333,3.2511111111111113,336.0,-51.75,-128.1875,145850368.0,75415552.0,210092032.0,30965760.0,8.42,0.1,-2.4,-7.7,4.76,-3.75
719,1175.1529999999998,10,0.75,5.13,-7.49,50.0,3.75,2.1875,-6.916666666666667,5.8244444444444445,4.328888888888889,326.25,-47.9375,-125.75,141721600.0,74006528.0,211320832.0,42909696.0,8.04,-0.19,-3.65,-7.28,5.32,-3.83
720,1187.275,12,0.4,5.44,-8.52,48.75,5.5,16.25,-7.135555555555555,5.693333333333333,5.3244444444444445,315.875,-43.8125,-122.8125,137248768.0,73285632.0,211566592.0,55607296.0,7.19,-0.49,-4.68,-6.79,5.93,-3.83
721,1194.6380000000001,7,-1.12,6.56,-9.82,48.75,5.5,16.25,-6.923333333333333,5.2844444444444445,6.216666666666667,305.375,-39.4375,-119.6875,132530176.0,73531392.0,210747392.0,68370432.0,5.11,-0.01,-6.07,-6.23,6.57,-3.75
722,1205.137,10,-1.04,6.4,-10.52,48.75,5.5,16.25,-6.345555555555555,4.611111111111111,6.976666666666667,295.4375,-34.9375,-116.5625,127713280.0,74940416.0,208879616.0,80625664.0,4.56,-0.78,-6.92,-5.61,7.18,-3.59
723,1215.259,10,-0.5,6.39,-10.86,48.75,5.5,16.25,-5.507777777777778,3.778888888888889,7.591111111111111,286.375,-30.3125,-113.625,122863616.0,77594624.0,206127104.0,91930624.0,4.44,-1.36,-7.47,-4.95,7.75,-3.39
724,1225.2069999999999,9,0.65,7.45,-10.79,48.75,5.5,16.25,-4.6,2.8944444444444444,8.084444444444445,278.25,-25.625,-111.0,118079488.0,81461248.0,202604544.0,102121472.0,4.9,-0.79,-7.62,-4.24,8.24,-3.17
725,1237.233,12,1.8,10.89,-9.22,44.6875,-8.0,25.5,-3.901111111111111,2.0322222222222224,8.61888888888889,270.9375,-20.875,-108.625,113328128.0,86491136.0,198311936.0,111378432.0,5.29,2.21,-6.28,-3.49,8.68,-2.93
726,1244.402,7,1.39,12.03,-8.72,44.6875,-8.0,25.5,-3.5755555555555554,1.2055555555555555,9.274444444444445,264.25,-15.8125,-106.375,108625920.0,92569600.0,193036288.0,120094720.0,4.07,2.98,-6.05,-2.68,9.04,-2.66
727,1255.1209999999999,10,1.04,13.15,-8.94,44.6875,-8.0,25.5,-3.422222222222222,0.43444444444444447,9.998888888888889,257.9375,-10.5,-104.25,103890944.0,99598336.0,186679296.0,128434176.0,2.84,3.81,-6.56,-1.79,9.34,-2.37
728,1265.18,10,-1.3,13.56,-10.9,44.6875,-8.0,25.5,-3.16,-0.22,10.634444444444444,252.0,-4.9375,-102.3125,98959360.0,107462656.0,179355648.0,136183808.0,-0.45,4.02,-8.8,-0.84,9.54,-2.09
729,1275.227,10,-1.98,12.46,-11.22,44.6875,-8.0,25.5,-2.3433333333333333,-0.6688888888888889,10.983333333333333,246.375,0.8125,-101.0,93487104.0,115982336.0,171671552.0,142802944.0,-2.12,2.83,-9.34,0.13,9.62,-1.87
730,1287.389,12,-1.79,11.25,-10.54,30.5625,-27.0625,23.0,-0.9266666666666666,-0.9355555555555556,10.83,241.125,6.5,-100.625,87293952.0,124862464.0,164446208.0,147652608.0,-2.9,1.68,-8.74,1.11,9.57,-1.79
731,1294.402,7,-0.72,10.28,-9.11,30.5625,-27.0625,23.0,0.7711111111111111,-1.1711111111111112,9.985555555555555,236.375,11.6875,-101.3125,80658432.0,133660672.0,158384128.0,150323200.0,-2.71,0.87,-7.22,1.99,9.41,-1.88
732,1305.2060000000001,10,-0.13,15.35,-6.91,30.5625,-27.0625,23.0,2.4833333333333334,-1.5944444444444446,8.506666666666666,232.375,16.0,-103.0625,74137600.0,142016512.0,154009600.0,150568960.0,-2.84,6.17,-4.77,2.71,9.17,-2.13
733,1315.212,10,-1.5,17.99,-5.74,30.5625,-27.0625,23.0,3.1955555555555555,-2.2266666666666666,6.777777777777778,229.5,19.3125,-105.5,68714496.0,149602304.0,150831104.0,149012480.0,-4.75,9.07,-3.27,3.24,8.91,-2.47
734,1325.187,9,-2.21,19.08,-4.79,30.5625,-27.0625,23.0,2.581111111111111,-3.066666666666667,5.141111111111111,228.0625,21.5,-107.8125,65404928.0,156221440.0,147931136.0,146587648.0,-5.81,10.39,-2.0,3.59,8.68,-2.79
735,1337.3980000000001,12,0.18,18.14,-5.61,11.5,-40.75,20.5,1.5155555555555555,-4.058888888888889,3.6355555555555554,228.375,22.6875,-109.75,64585728.0,162021376.0,144982016.0,143589376.0,-3.6,9.62,-2.55,3.78,8.51,-3.05
736,1344.377,6,1.51,17.25,-6.3,11.5,-40.75,20.5,0.5466666666666666,-4.904444444444445,2.11,230.5,22.8125,-111.25,66076672.0,166936576.0,142180352.0,140034048.0,-2.28,8.82,-3.02,3.8,8.42,-3.28
737,1355.247,10,2.41,17.17,-6.76,11.5,-40.75,20.5,0.12666666666666668,-5.403333333333333,0.5011111111111111,234.0,21.9375,-112.5,69271552.0,170852352.0,140115968.0,135774208.0,-1.26,8.77,-3.28,3.67,8.39,-3.48
738,1365.219,9,3.06,17.27,-6.41,11.5,-40.75,20.5,0.22777777777777777,-5.5488888888888885,-1.0966666666666667,238.625,20.25,-113.625,73465856.0,173719552.0,139280384.0,130711552.0,-0.33,8.84,-2.73,3.39,8.42,-3.68
739,1375.2,9,4.0,17.8,-5.28,11.5,-40.75,20.5,0.47333333333333333,-5.452222222222222,-2.6066666666666665,244.125,17.6875,-114.5625,78266368.0,175472640.0,139771904.0,124944384.0,1.01,9.31,-1.39,2.98,8.49,-3.89
740,1387.285,12,4.09,18.08,-4.25,7.0,-40.875,21.0,0.5033333333333333,-5.216666666666667,-4.021111111111111,250.3125,14.5625,-115.3125,83656704.0,175996928.0,141410304.0,118702080.0,1.62,9.5,-0.18,2.46,8.57,-4.06
741,1394.866,7,3.87,18.43,-3.25,7.0,-40.875,21.0,0.16444444444444445,-4.963333333333333,-5.3,257.25,10.75,-115.6875,89784320.0,175194112.0,143884288.0,112263168.0,2.03,9.75,0.92,1.83,8.67,-4.18
742,1405.2089999999998,10,2.94,18.14,-1.68,7.0,-40.875,21.0,-0.45,-4.746666666666667,-6.43,264.875,6.5,-115.5625,96763904.0,173015040.0,146849792.0,105807872.0,1.82,9.36,2.52,1.11,8.78,-4.21
743,1415.2830000000001,10,1.98,17.68,-1.32,7.0,-40.875,21.0,-1.1644444444444444,-4.5744444444444445,-7.418888888888889,272.875,1.75,-115.0,104562688.0,169443328.0,150142976.0,99352576.0,1.67,8.79,2.81,0.3,8.88,-4.14
744,1425.267,9,1.15,17.17,-0.98,7.0,-40.875,21.0,-1.8211111111111111,-4.4222222222222225,-8.252222222222223,281.125,-3.25,-114.0,112951296.0,164577280.0,153567232.0,92897280.0,1.71,8.23,2.99,-0.55,8.94,-3.98
745,1437.383,12,0.24,16.75,-0.82,17.0625,-39.75,20.5625,-2.212222222222222,-4.283333333333333,-8.916666666666666,289.25,-8.625,-112.75,121602048.0,158597120.0,157073408.0,86278144.0,1.72,7.81,2.93,-1.47,8.93,-3.75
746,1444.6319999999998,7,-1.9,14.76,-1.07,17.0625,-39.75,20.5625,-2.341111111111111,-4.18,-9.455555555555556,297.25,-14.25,-111.4375,130203648.0,151699456.0,160628736.0,79314944.0,0.51,5.92,2.4,-2.41,8.84,-3.48
747,1455.2099999999998,10,-2.63,13.5,-1.3,17.0625,-39.75,20.5625,-2.3266666666666667,-4.137777777777778,-9.94111111111111,305.1875,-20.125,-110.125,138592256.0,144031744.0,164134912.0,71860224.0,0.74,4.85,1.87,-3.37,8.64,-3.17
748,1465.238,10,-2.9,12.56,-1.5,17.0625,-39.75,20.5625,-2.1577777777777776,-4.21,-10.423333333333334,313.0,-26.1875,-108.8125,146702336.0,135725056.0,167510016.0,63700992.0,1.42,4.23,1.34,-4.33,8.32,-2.84
749,1475.258,10,-3.86,11.0,-1.78,17.0625,-39.75,20.5625,-1.8655555555555556,-4.415555555555556,-10.853333333333333,321.0,-32.5625,-107.5625,154451968.0,126926848.0,170590208.0,54689792.0,1.41,3.13,0.71,-5.28,7.87,-2.49
750,1487.468,12,-4.1,10.23,-1.83,34.875,-29.5625,12.875,-1.3877777777777778,-4.728888888888889,-11.183333333333334,329.0625,-39.125,-106.3125,161759232.0,117866496.0,173211648.0,44679168.0,2.09,2.94,0.3,-6.19,7.29,-2.14
751,1494.5,7,-4.27,9.66,-1.37,34.875,-29.5625,12.875,-0.79,-5.073333333333333,-11.362222222222222,337.375,-45.8125,-105.0,168493056.0,108789760.0,175194112.0,33701888.0,2.76,3.07,0.39,-7.03,6.59,-1.77
752,1505.249,10,-4.67,9.56,-0.82,34.875,-29.5625,12.875,-0.24,-5.383333333333334,-11.412222222222223,345.625,-52.5625,-103.3125,174604288.0,99778560.0,176439296.0,21938176.0,3.11,3.77,0.55,-7.78,5.79,-1.37
753,1515.34,10,-3.93,7.96,-0.03,34.875,-29.5625,12.875,0.017777777777777778,-5.615555555555556,-11.373333333333333,353.75,-59.25,-100.8125,180174848.0,90685440.0,176848896.0,9814016.0,4.49,3.04,0.91,-8.43,4.91,-0.94
754,1525.3110000000001,9,-3.75,6.15,0.55,34.875,-29.5625,12.875,-0.21888888888888888,-5.711111111111111,-11.294444444444444,1.3125,-65.8125,-96.625,185253888.0,81133568.0,176504832.0,-2129920.0,5.18,2.16,1.02,-8.94,3.98,-0.46
755,1537.424,12,-4.03,4.45,0.92,48.0,-8.1875,1.5625,-0.6111111111111112,-5.724444444444444,-11.196666666666667,8.1875,-72.0625,-88.9375,189841408.0,71008256.0,175472640.0,-13664256.0,5.29,1.43,0.86,-9.33,3.01,0.05
756,1544.427,7,-5.15,2.11,1.33,48.0,-8.1875,1.5625,-0.7955555555555556,-5.694444444444445,-11.005555555555556,14.5625,-77.5625,-73.875,193806336.0,60653568.0,173801472.0,-24805376.0,4.42,0.08,0.74,-9.57,2.02,0.58
757,1555.247,10,-5.2,1.76,1.39,48.0,-8.1875,1.5625,-0.76,-5.628888888888889,-10.661111111111111,20.4375,-81.0,-43.1875,197083136.0,50397184.0,171491328.0,-35553280.0,4.48,0.71,0.28,-9.68,1.04,1.11
758,1565.184,9,-4.75,1.39,1.7,48.0,-8.1875,1.5625,-0.6944444444444444,-5.484444444444445,-10.11888888888889,25.75,-80.4375,-3.6875,199720960.0,40517632.0,168640512.0,-45711360.0,4.91,1.28,0.08,-9.67,0.1,1.61
759,1575.2520000000002,10,-4.34,0.96,1.81,48.0,-8.1875,1.5625,-0.7333333333333333,-5.246666666666667,-9.431111111111111,30.5,-76.8125,20.125,201752576.0,31080448.0,165412864.0,-55001088.0,5.2,1.73,-0.28,-9.54,-0.76,2.09
760,1587.372,12,-2.84,-1.91,2.31,43.5,15.25,-10.5625,-1.0277777777777777,-4.8566666666666665,-8.672222222222222,34.5,-72.3125,31.9375,203227136.0,21987328.0,162136064.0,-63160320.0,6.5,-0.34,-0.2,-9.34,-1.57,2.52
761,1594.4199999999998,7,-1.65,-3.5,2.63,43.5,15.25,-10.5625,-1.4566666666666668,-4.308888888888889,-7.974444444444444,37.875,-67.9375,38.75,204111872.0,13123584.0,159088640.0,-70123520.0,7.43,-1.19,-0.23,-9.08,-2.3,2.87
762,1605.221,10,-0.85,-4.96,2.73,43.5,15.25,-10.5625,-1.8555555555555556,-3.6655555555555557,-7.381111111111111,40.8125,-63.75,43.5625,204374016.0,4521984.0,156483584.0,-76038144.0,7.94,-1.97,-0.4,-8.79,-2.98,3.13
763,1615.28,10,0.07,-5.97,2.98,43.5,15.25,-10.5625,-2.25,-2.9477777777777776,-6.851111111111111,43.3125,-60.0,47.5625,203997184.0,-3817472.0,154484736.0,-81018880.0,8.57,-2.35,-0.31,-8.49,-3.61,3.3
764,1625.2740000000001,9,1.3,-8.39,2.61,43.5,15.25,-10.5625,-2.6166666666666667,-2.2055555555555557,-6.262222222222222,45.4375,-56.625,51.0625,203046912.0,-11796480.0,153141248.0,-85082112.0,9.49,-4.19,-0.76,-8.19,-4.19,3.38
765,1637.5310000000002,12,1.78,-9.74,1.97,28.25,30.875,-17.0625,-2.701111111111111,-1.4644444444444444,-5.496666666666667,47.25,-53.75,54.25,201637888.0,-18972672.0,152453120.0,-88293376.0,9.69,-5.03,-1.4,-7.91,-4.7,3.38
766,1644.831,7,2.5,-11.16,1.01,28.25,30.875,-17.0625,-2.3544444444444443,-0.7355555555555555,-4.503333333333333,48.8125,-51.5,56.9375,200015872.0,-24805376.0,152272896.0,-90816512.0,10.18,-6.05,-2.31,-7.67,-5.11,3.32
767,1655.229,10,3.91,-13.31,0.05,28.25,30.875,-17.0625,-1.5811111111111111,0.006666666666666667,-3.332222222222222,50.125,-49.9375,58.9375,198361088.0,-28704768.0,152551424.0,-92831744.0,11.42,-7.9,-3.19,-7.51,-5.4,3.24
768,1665.2469999999998,10,4.57,-13.0,0.22,28.25,30.875,-17.0625,-0.6488888888888888,0.7722222222222223,-2.033333333333333,51.1875,-49.1875,60.375,196804608.0,-30457856.0,153272320.0,-94371840.0,12.0,-7.43,-2.93,-7.42,-5.56,3.15
769,1675.297,10,5.06,-12.39,0.88,28.25,30.875,-17.0625,0.07555555555555556,1.54,-0.6433333333333333,51.9375,-49.3125,61.375,195395584.0,-30162944.0,154583040.0,-95240192.0,12.5,-6.78,-2.17,-7.43,-5.61,3.05
770,1687.386,12,5.24,-12.15,1.62,16.25,39.5,-14.5625,0.31555555555555553,2.2311111111111113,0.8244444444444444,52.125,-50.3125,62.25,194166784.0,-28246016.0,156614656.0,-95027200.0,12.79,-6.61,-1.28,-7.54,-5.54,2.91
771,1694.66,7,4.84,-12.11,2.1,16.25,39.5,-14.5625,0.19777777777777777,2.761111111111111,2.3377777777777777,51.5625,-52.125,63.0625,193167360.0,-25067520.0,159367168.0,-93372416.0,12.58,-6.74,-0.61,-7.74,-5.36,2.72
772,1705.233,10,4.21,-11.01,1.32,16.25,39.5,-14.5625,0.044444444444444446,3.1155555555555554,3.911111111111111,50.1875,-54.75,63.8125,192495616.0,-20676608.0,162627584.0,-90161152.0,12.22,-5.94,-1.16,-8.01,-5.07,2.49
773,1715.339,10,3.53,-10.19,0.68,16.25,39.5,-14.5625,-0.03888888888888889,3.371111111111111,5.598888888888889,47.8125,-58.3125,64.3125,192184320.0,-14942208.0,166199296.0,-85311488.0,11.88,-5.55,-1.54,-8.34,-4.64,2.22
774,1725.265,9,2.17,-7.01,-0.19,16.25,39.5,-14.5625,0.14888888888888888,3.5233333333333334,7.41,44.5625,-62.75,64.1875,192266240.0,-7520256.0,169754624.0,-78839808.0,10.89,-2.97,-2.14,-8.72,-4.03,1.94
775,1737.3419999999999,12,1.22,-3.98,-0.53,17.6875,40.5,-14.375,0.5488888888888889,3.5866666666666664,9.375555555555556,40.3125,-68.1875,62.75,192692224.0,1884160.0,172965888.0,-70778880.0,10.33,-0.75,-2.19,-9.1,-3.23,1.66
776,1744.393,7,0.54,0.11,-0.31,17.6875,40.5,-14.375,0.8177777777777778,3.647777777777778,11.524444444444445,34.875,-74.625,58.25,193249280.0,13303808.0,175636480.0,-60751872.0,10.0,2.31,-1.68,-9.45,-2.2,1.36
777,1755.197,10,-0.21,3.12,-0.65,17.6875,40.5,-14.375,0.5055555555555555,3.721111111111111,13.866666666666667,27.875,-81.8125,42.1875,193658880.0,26361856.0,177618944.0,-48103424.0,9.48,4.06,-1.68,-9.7,-0.93,1.03
778,1765.24,10,1.01,11.8,-2.51,17.6875,40.5,-14.375,-0.18,3.7177777777777776,16.31,18.9375,-84.75,-3.3125,193658880.0,40681472.0,178470912.0,-32374784.0,10.78,11.23,-3.2,-9.76,0.57,0.68
779,1775.246,10,3.43,17.07,-2.75,17.6875,40.5,-14.375,-1.1866666666666668,3.6033333333333335,18.727777777777778,7.9375,-76.3125,-80.6875,192921600.0,55787520.0,177618944.0,-13385728.0,12.96,14.79,-3.12,-9.53,2.28,0.37
780,1787.5049999999999,12,3.27,25.01,-1.53,35.1875,29.5625,-8.6875,-2.7044444444444444,3.2855555555555553,20.99888888888889,354.625,-65.125,-87.625,191201280.0,70877184.0,174342144.0,8962048.0,12.17,20.9,-1.7,-8.9,4.11,0.16
781,1794.452,6,-2.86,14.54,2.09,35.1875,29.5625,-8.6875,-5.04,2.4955555555555557,22.673333333333332,339.3125,-52.875,-87.9375,188710912.0,84443136.0,167723008.0,34373632.0,4.96,8.63,1.89,-7.82,5.9,0.2
782,1805.149,10,5.78,16.68,-1.76,35.1875,29.5625,-8.6875,-7.072222222222222,0.8722222222222222,22.64666666666667,324.0625,-40.6875,-85.375,185974784.0,95404032.0,157270016.0,60276736.0,12.18,9.27,-2.36,-6.39,7.41,0.59
783,1815.337,10,8.52,19.73,-3.62,35.1875,29.5625,-8.6875,-8.174444444444445,-0.89,20.612222222222222,310.875,-29.5,-81.5,183435264.0,103268352.0,143998976.0,83738624.0,13.36,11.29,-4.88,-4.83,8.43,1.26
784,1825.2630000000001,9,2.97,13.73,-4.34,35.1875,29.5625,-8.6875,-9.462222222222222,-1.8544444444444443,17.50888888888889,300.3125,-20.0,-76.6875,181567488.0,107249664.0,129449984.0,104087552.0,6.33,4.76,-6.46,-3.35,8.96,2.11
785,1837.4140000000002,12,4.26,9.13,-5.86,45.5625,-7.5625,-4.1875,-6.884444444444444,-1.8611111111111112,13.865555555555556,292.6875,-12.4375,-73.25,178864128.0,110460928.0,117047296.0,119013376.0,6.38,-0.02,-8.62,-2.12,9.16,2.75
786,1844.423,7,6.0,13.11,-3.85,45.5625,-7.5625,-4.1875,-0.19555555555555557,-0.7,10.393333333333333,287.3125,-6.9375,-73.375,173277184.0,116326400.0,110755840.0,127418368.0,7.19,3.78,-6.64,-1.18,9.32,2.78
787,1855.283,10,6.13,18.49,-1.08,45.5625,-7.5625,-4.1875,6.625555555555556,1.0777777777777777,7.384444444444444,283.0625,-3.1875,-77.0625,164380672.0,124878848.0,111443968.0,130465792.0,6.68,8.94,-3.27,-0.55,9.54,2.18
788,1865.275,9,3.43,26.55,5.68,45.5625,-7.5625,-4.1875,10.16,2.511111111111111,4.797777777777778,279.5,-0.875,-82.6875,153829376.0,133595136.0,116686848.0,130138112.0,3.58,16.82,4.44,-0.15,9.72,1.24
789,1875.311,10,1.53,28.54,6.72,45.5625,-7.5625,-4.1875,10.096666666666666,2.9644444444444447,2.796666666666667,276.5,0.4375,-88.1875,143851520.0,140509184.0,123142144.0,128286720.0,1.45,18.74,6.42,0.08,9.8,0.3
790,1887.4180000000001,12,0.07,27.82,6.39,27.25,-35.0625,-12.375,7.403333333333333,2.497777777777778,1.4,274.3125,1.25,-92.1875,136495104.0,144752640.0,128335872.0,126484480.0,-0.13,18.02,6.77,0.21,9.79,-0.38
791,1894.952,7,-0.88,25.32,5.4,27.25,-35.0625,-12.375,2.9044444444444446,1.5744444444444445,0.43555555555555553,273.125,1.5,-93.75,133251072.0,145948672.0,130793472.0,126074880.0,-1.14,15.53,6.05,0.26,9.78,-0.64
792,1905.292,10,-2.35,19.83,2.06,27.25,-35.0625,-12.375,-1.5022222222222221,0.4777777777777778,-0.37,273.0625,1.3125,-92.9375,134217728.0,144474112.0,130449408.0,127090688.0,-2.59,10.04,2.57,0.23,9.79,-0.5
793,1915.4379999999999,10,-2.51,17.03,-0.32,27.25,-35.0625,-12.375,-4.316666666666666,-0.5744444444444444,-1.2022222222222223,274.125,0.6875,-90.5625,138231808.0,141279232.0,128270336.0,128581632.0,-2.63,7.22,-0.21,0.11,9.8,-0.1
794,1925.353,9,-2.58,14.19,-1.77,27.25,-35.0625,-12.375,-5.486666666666666,-1.301111111111111,-2.068888888888889,275.9375,-0.375,-87.625,143917056.0,137166848.0,125403136.0,129646592.0,-2.51,4.39,-2.18,-0.07,9.79,0.4
795,1937.4180000000001,12,-2.29,11.06,-2.52,21.0,-40.375,2.25,-5.018888888888889,-1.6733333333333333,-2.8644444444444446,278.3125,-1.875,-84.875,149880832.0,133005312.0,122978304.0,129531904.0,-1.96,1.3,-3.4,-0.32,9.76,0.87
796,1944.664,7,-2.09,10.92,-1.91,21.0,-40.375,2.25,-3.4588888888888887,-1.791111111111111,-3.4611111111111112,281.0,-3.6875,-82.875,155205632.0,129581056.0,121733120.0,127909888.0,-1.45,1.21,-3.12,-0.63,9.71,1.2
797,1955.344,10,-1.89,11.29,-1.07,21.0,-40.375,2.25,-1.6644444444444444,-1.7733333333333334,-3.7944444444444443,283.8125,-5.5625,-81.875,159514624.0,127205376.0,121716736.0,124960768.0,-0.93,1.63,-2.44,-0.95,9.66,1.36
798,1965.358,10,-1.71,11.7,-0.08,21.0,-40.375,2.25,-0.33666666666666667,-1.6544444444444444,-3.887777777777778,286.6875,-7.5625,-81.5625,162955264.0,125648896.0,122585088.0,121176064.0,-0.41,2.08,-1.5,-1.29,9.61,1.41
799,1975.4,10,-0.89,11.84,1.69,21.0,-40.375,2.25,0.28444444444444444,-1.4722222222222223,-3.801111111111111,289.5,-9.5,-81.5625,165806080.0,124485632.0,123863040.0,117178368.0,0.72,2.27,0.28,-1.61,9.56,1.41
800,1987.296,11,-0.63,11.6,2.25,26.5625,-37.75,-7.875,0.3377777777777778,-1.2566666666666666,-3.59,292.0625,-11.3125,-81.5625,168312832.0,123322368.0,125157376.0,113377280.0,1.28,2.09,0.85,-1.92,9.51,1.4
801,1994.612,7,-0.46,11.37,2.47,26.5625,-37.75,-7.875,0.11666666666666667,-1.0322222222222222,-3.312222222222222,294.3125,-13.0,-81.4375,170622976.0,121978880.0,126320640.0,110034944.0,1.74,1.92,1.05,-2.21,9.44,1.41
802,2005.302,10,-0.67,11.18,2.53,26.5625,-37.75,-7.875,-0.16333333333333333,-0.7877777777777778,-2.98,296.3125,-14.5625,-81.1875,172736512.0,120455168.0,127303680.0,107249664.0,1.79,1.8,1.08,-2.46,9.38,1.44
803,2015.45,10,-0.69,10.82,2.43,26.5625,-37.75,-7.875,-0.4077777777777778,-0.51,-2.621111111111111,297.875,-15.9375,-80.875,174587904.0,118784000.0,128172032.0,105054208.0,2.0,1.51,0.94,-2.69,9.31,1.49
804,2025.3649999999998,9,-0.68,10.21,2.19,26.5625,-37.75,-7.875,-0.6144444444444445,-0.1988888888888889,-2.278888888888889,299.125,-17.125,-80.4375,176193536.0,116981760.0,128974848.0,103415808.0,2.2,0.97,0.64,-2.89,9.24,1.55
805,2037.4889999999998,12,-0.81,9.71,2.04,31.6875,-31.375,-7.0,-0.7744444444444445,0.11666666666666667,-1.9744444444444444,300.0625,-18.1875,-79.9375,177504256.0,115064832.0,129794048.0,102301696.0,2.25,0.54,0.42,-3.06,9.17,1.61
806,2044.4740000000002,6,-1.7,8.93,1.78,31.6875,-31.375,-7.0,-0.8155555555555556,0.3988888888888889,-1.7,300.6875,-19.125,-79.5625,178520064.0,113131520.0,130646016.0,101580800.0,1.51,-0.17,0.1,-3.22,9.1,1.67
807,2055.357,10,-2.23,8.77,1.68,31.6875,-31.375,-7.0,-0.6911111111111111,0.6311111111111111,-1.4377777777777778,301.125,-20.0,-79.25,179191808.0,111329280.0,131629056.0,101122048.0,1.12,-0.28,-0.02,-3.35,9.05,1.71
808,2065.411,10,-2.59,8.68,1.67,31.6875,-31.375,-7.0,-0.4866666666666667,0.8066666666666666,-1.1955555555555555,301.3125,-20.6875,-79.0625,179519488.0,109789184.0,132710400.0,100827136.0,0.87,-0.31,-0.05,-3.47,9.0,1.73
809,2075.453,10,-2.85,8.55,1.63,31.6875,-31.375,-7.0,-0.34444444444444444,0.9533333333333334,-0.9977777777777778,301.375,-21.3125,-79.0625,179568640.0,108396544.0,133873664.0,100696064.0,0.71,-0.41,-0.09,-3.57,8.96,1.73
810,2087.598,12,-3.33,8.13,1.37,35.0625,-28.5625,-8.6875,-0.27111111111111114,1.0555555555555556,-0.8622222222222222,301.375,-21.875,-79.0625,179453952.0,107118592.0,135086080.0,100679680.0,0.33,-0.79,-0.34,-3.66,8.93,1.71
811,2094.587,6,-3.61,7.95,1.22,35.0625,-28.5625,-8.6875,-0.21,1.1155555555555556,-0.7888888888888889,301.3125,-22.4375,-79.1875,179208192.0,105889792.0,136331264.0,100696064.0,0.12,-0.94,-0.47,-3.74,8.9,1.69
812,2105.377,10,-3.74,7.89,1.06,35.0625,-28.5625,-8.6875,-0.16666666666666666,1.1322222222222222,-0.7633333333333333,301.1875,-22.9375,-79.3125,178929664.0,104710144.0,137592832.0,100728832.0,0.08,-0.98,-0.59,-3.83,8.87,1.66
813,2115.464,10,-3.96,7.9,0.94,35.0625,-28.5625,-8.6875,-0.12,1.1022222222222222,-0.7711111111111111,301.125,-23.5,-79.5,178634752.0,103563264.0,138854400.0,100696064.0,-0.05,-0.93,-0.68,-3.91,8.84,1.63
814,2125.48,10,-3.91,7.9,0.79,35.0625,-28.5625,-8.6875,-0.08666666666666667,1.038888888888889,-0.7944444444444444,301.125,-24.0,-79.625,178356224.0,102465536.0,140083200.0,100597760.0,0.08,-0.9,-0.81,-3.99,8.81,1.6
815,2137.542,12,-3.69,7.73,0.51,37.0,-26.0,-7.5,-0.10777777777777778,0.9588888888888889,-0.8322222222222222,301.125,-24.5625,-79.75,178176000.0,101367808.0,141246464.0,100417536.0,0.38,-1.04,-1.06,-4.07,8.77,1.57
816,2145.02,7,-3.53,7.55,0.3,37.0,-26.0,-7.5,-0.19333333333333333,0.8688888888888889,-0.8788888888888889,301.25,-25.125,-79.8125,178094080.0,100188160.0,142311424.0,100220928.0,0.63,-1.18,-1.25,-4.16,8.73,1.56
817,2155.423,10,-3.7,7.27,0.02,37.0,-26.0,-7.5,-0.26555555555555554,0.7688888888888888,-0.9111111111111111,301.375,-25.6875,-79.875,178143232.0,98992128.0,143278080.0,100007936.0,0.54,-1.42,-1.52,-4.25,8.69,1.55
818,2165.466,10,-3.76,7.15,0.04,37.0,-26.0,-7.5,-0.32555555555555554,0.6577777777777778,-0.9177777777777778,301.5,-26.25,-79.8125,178274304.0,97763328.0,144097280.0,99745792.0,0.57,-1.49,-1.5,-4.33,8.65,1.55
819,2175.5260000000003,10,-4.08,6.91,0.26,37.0,-26.0,-7.5,-0.4011111111111111,0.5333333333333333,-0.8822222222222222,301.6875,-26.75,-79.6875,178503680.0,96567296.0,144769024.0,99532800.0,0.33,-1.7,-1.3,-4.41,8.61,1.56
820,2187.5860000000002,12,-4.79,7.03,0.48,37.6875,-25.1875,-5.0,-0.4022222222222222,0.38555555555555554,-0.8088888888888889,301.875,-27.1875,-79.5,178814976.0,95485952.0,145276928.0,99287040.0,-0.3,-1.54,-1.09,-4.49,8.57,1.57
821,2194.928,7,-4.93,7.01,0.65,37.6875,-25.1875,-5.0,-0.39222222222222225,0.23333333333333334,-0.6955555555555556,302.0625,-27.625,-79.375,179159040.0,94568448.0,145604608.0,99074048.0,-0.38,-1.52,-0.94,-4.55,8.53,1.6
822,2205.448,10,-5.12,6.98,0.83,37.6875,-25.1875,-5.0,-0.4066666666666667,0.09666666666666666,-0.55,302.25,-27.9375,-79.125,179535872.0,93798400.0,145752064.0,98926592.0,-0.52,-1.52,-0.79,-4.59,8.5,1.63
823,2215.544,10,-5.24,6.98,0.89,37.6875,-25.1875,-5.0,-0.43444444444444447,-0.023333333333333334,-0.4033333333333333,302.375,-28.125,-78.875,179929088.0,93159424.0,145702912.0,98877440.0,-0.61,-1.5,-0.76,-4.62,8.48,1.66
824,2225.504,9,-5.12,6.72,0.9,37.6875,-25.1875,-5.0,-0.46444444444444444,-0.1111111111111111,-0.26,302.5,-28.25,-78.5625,180338688.0,92618752.0,145506304.0,98926592.0,-0.47,-1.73,-0.8,-4.64,8.46,1.7
825,2237.7180000000003,12,-5.07,6.66,0.95,39.1875,-22.1875,-5.5,-0.48,-0.16555555555555557,-0.14777777777777779,302.5,-28.3125,-78.25,180731904.0,92192768.0,145195008.0,99057664.0,-0.41,-1.78,-0.79,-4.65,8.45,1.75
826,2244.739,7,-5.12,6.61,0.98,39.1875,-22.1875,-5.5,-0.4722222222222222,-0.1922222222222222,-0.058888888888888886,302.5,-28.3125,-77.9375,181092352.0,91832320.0,144834560.0,99254272.0,-0.46,-1.82,-0.81,-4.65,8.43,1.8
827,2255.489,10,-5.33,6.79,1.36,39.1875,-22.1875,-5.5,-0.4477777777777778,-0.19555555555555557,0.011111111111111112,302.5,-28.3125,-77.625,181420032.0,91553792.0,144457728.0,99483648.0,-0.68,-1.63,-0.47,-4.65,8.43,1.84
828,2265.6079999999997,10,-5.42,6.94,1.56,39.1875,-22.1875,-5.5,-0.39444444444444443,-0.18,0.07111111111111111,302.4375,-28.25,-77.375,181682176.0,91340800.0,144080896.0,99745792.0,-0.78,-1.48,-0.31,-4.64,8.42,1.88
829,2275.539,9,-5.39,7.01,1.75,39.1875,-22.1875,-5.5,-0.29888888888888887,-0.16,0.13,302.375,-28.125,-77.1875,181862400.0,91242496.0,143736832.0,99991552.0,-0.76,-1.4,-0.16,-4.63,8.42,1.91
830,2287.6690000000003,12,-5.24,7.12,1.94,40.25,-23.0,-4.1875,-0.21666666666666667,-0.14,0.16444444444444445,302.3125,-28.0625,-77.0,181977088.0,91242496.0,143441920.0,100220928.0,-0.62,-1.3,0.0,-4.61,8.43,1.94
831,2294.712,7,-5.03,7.74,2.13,40.25,-23.0,-4.1875,-0.15444444444444444,-0.12666666666666668,0.17333333333333334,302.1875,-27.9375,-76.875,182042624.0,91291648.0,143179776.0,100417536.0,-0.43,-0.69,0.17,-4.59,8.43,1.95
832,2306.0190000000002,11,-5.14,7.92,2.28,40.25,-23.0,-4.1875,-0.13,-0.13,0.1811111111111111,302.125,-27.8125,-76.8125,182091776.0,91357184.0,142934016.0,100614144.0,-0.56,-0.51,0.3,-4.58,8.44,1.97
833,2317.502,11,-5.1,8.06,2.4,40.25,-23.0,-4.1875,-0.13111111111111112,-0.14555555555555555,0.1711111111111111,302.0625,-27.75,-76.6875,182173696.0,91422720.0,142671872.0,100777984.0,-0.53,-0.37,0.4,-4.56,8.44,1.99
834,2325.801,8,-4.94,8.29,2.65,40.25,-23.0,-4.1875,-0.14,-0.17,0.15222222222222223,302.0,-27.625,-76.5625,182272000.0,91488256.0,142393344.0,100941824.0,-0.39,-0.15,0.64,-4.55,8.45,2.0
835,2337.633,11,-4.91,8.42,2.7,38.875,-22.5625,-6.5625,-0.15888888888888889,-0.20444444444444446,0.11222222222222222,302.0,-27.5625,-76.4375,182435840.0,91537408.0,142082048.0,101056512.0,-0.37,-0.02,0.67,-4.53,8.45,2.03
836,2344.678,7,-4.91,8.46,2.72,38.875,-22.5625,-6.5625,-0.21777777777777776,-0.24222222222222223,0.06333333333333334,302.0,-27.4375,-76.25,182665216.0,91504640.0,141737984.0,101154816.0,-0.38,0.01,0.66,-4.52,8.45,2.05
837,2355.555,10,-4.86,8.48,2.78,38.875,-22.5625,-6.5625,-0.30333333333333334,-0.2633333333333333,0.022222222222222223,302.0625,-27.4375,-76.0625,182960128.0,91373568.0,141361152.0,101253120.0,-0.34,0.04,0.68,-4.52,8.44,2.09
838,2365.515,9,-4.46,8.76,2.89,38.875,-22.5625,-6.5625,-0.35888888888888887,-0.2811111111111111,0.0,302.0625,-27.375,-75.75,183304192.0,91193344.0,140935168.0,101367808.0,0.04,0.32,0.75,-4.51,8.43,2.13
839,2375.5060000000003,9,-4.46,8.82,2.86,38.875,-22.5625,-6.5625,-0.3988888888888889,-0.2877777777777778,0.0,302.125,-27.375,-75.4375,183664640.0,90996736.0,140492800.0,101515264.0,0.04,0.39,0.68,-4.5,8.43,2.18
840,2387.638,12,-4.45,8.75,2.92,40.6875,-22.5625,-7.0,-0.43555555555555553,-0.27666666666666667,0.01888888888888889,302.125,-27.3125,-75.1875,184025088.0,90750976.0,140034048.0,101711872.0,0.05,0.32,0.69,-4.5,8.42,2.22
841,2395.2110000000002,7,-4.36,8.68,2.87,40.6875,-22.5625,-7.0,-0.4711111111111111,-0.24666666666666667,0.034444444444444444,302.0625,-27.25,-74.8125,184385536.0,90488832.0,139575296.0,101941248.0,0.12,0.26,0.6,-4.49,8.41,2.27
842,2405.489,10,-4.3,8.67,2.82,40.6875,-22.5625,-7.0,-0.5133333333333333,-0.19777777777777777,0.044444444444444446,302.0625,-27.1875,-74.5,184713216.0,90161152.0,139132928.0,102236160.0,0.18,0.27,0.5,-4.48,8.4,2.32
843,2415.612,10,-4.22,8.71,2.87,40.6875,-22.5625,-7.0,-0.5533333333333333,-0.13444444444444445,0.06333333333333334,301.9375,-27.125,-74.1875,185008128.0,89784320.0,138723328.0,102596608.0,0.25,0.32,0.49,-4.47,8.39,2.37
844,2425.6259999999997,10,-4.29,8.76,2.87,40.6875,-22.5625,-7.0,-0.5633333333333334,-0.07,0.09555555555555556,301.8125,-27.0625,-73.875,185237504.0,89391104.0,138330112.0,103022592.0,0.17,0.38,0.45,-4.46,8.38,2.42
845,2437.6549999999997,12,-4.31,8.6,2.71,39.5625,-22.1875,-7.875,-0.5077777777777778,-0.02,0.14222222222222222,301.625,-27.0,-73.5625,185401344.0,89047040.0,138018816.0,103481344.0,0.14,0.22,0.25,-4.45,8.38,2.46
846,2445.8940000000002,8,-4.19,8.56,2.62,39.5625,-22.1875,-7.875,-0.42444444444444446,0.03,0.18444444444444444,301.375,-26.8125,-73.3125,185483264.0,88834048.0,137609216.0,104054784.0,0.23,0.18,0.11,-4.43,8.38,2.5
847,2457.203,11,-4.2,8.51,2.56,39.5625,-22.1875,-7.875,-0.34555555555555556,0.07,0.2011111111111111,301.125,-26.6875,-73.1875,185466880.0,88686592.0,137330688.0,104562688.0,0.2,0.13,0.03,-4.4,8.38,2.53
848,2466.528,9,-4.21,8.67,2.62,39.5625,-22.1875,-7.875,-0.2788888888888889,0.11777777777777777,0.21222222222222223,300.875,-26.5625,-73.0625,185384960.0,88588288.0,137150464.0,105037824.0,0.17,0.28,0.07,-4.38,8.39,2.55
849,2476.6180000000004,10,-4.18,8.79,2.61,39.5625,-22.1875,-7.875,-0.23555555555555555,0.17222222222222222,0.22555555555555556,300.625,-26.375,-73.0,185221120.0,88506368.0,137035776.0,105529344.0,0.18,0.39,0.05,-4.36,8.39,2.56
850,2488.27,11,-4.19,8.77,2.6,38.875,-22.1875,-7.875,-0.25222222222222224,0.22333333333333333,0.2511111111111111,300.3125,-26.25,-72.9375,185024512.0,88408064.0,136953856.0,106070016.0,0.14,0.36,0.03,-4.34,8.4,2.57
851,2495.563,7,-4.2,8.73,2.54,38.875,-22.1875,-7.875,-0.2777777777777778,0.2644444444444444,0.2877777777777778,300.0,-26.125,-72.875,184811520.0,88244224.0,136921088.0,106627072.0,0.12,0.32,-0.03,-4.32,8.41,2.58
852,2505.985,10,-4.18,8.63,2.31,38.875,-22.1875,-7.875,-0.2688888888888889,0.28888888888888886,0.31777777777777777,299.6875,-26.0,-72.875,184549376.0,88096768.0,136904704.0,107200512.0,0.11,0.21,-0.27,-4.3,8.42,2.59
853,2516.644,10,-4.23,8.66,2.36,38.875,-22.1875,-7.875,-0.2511111111111111,0.2966666666666667,0.3422222222222222,299.3125,-25.875,-72.8125,184270848.0,87965696.0,136904704.0,107790336.0,0.05,0.23,-0.23,-4.28,8.42,2.59
854,2526.652,10,-4.27,8.73,2.33,38.875,-22.1875,-7.875,-0.24444444444444444,0.29,0.3655555555555556,298.9375,-25.75,-72.8125,183975936.0,87867392.0,136904704.0,108396544.0,-0.01,0.29,-0.26,-4.26,8.43,2.6
855,2538.819,12,-4.38,8.8,2.25,39.1875,-24.0625,-9.5,-0.20333333333333334,0.2688888888888889,0.3977777777777778,298.25,-25.5625,-72.8125,183320576.0,87359488.0,137150464.0,109592576.0,-0.15,0.35,-0.35,-4.23,8.45,2.6
856,2546.3309999999997,7,-4.39,8.73,2.12,39.1875,-24.0625,-9.5,-0.11777777777777777,0.23333333333333334,0.4266666666666667,297.875,-25.375,-72.8125,182992896.0,87408640.0,137117696.0,110149632.0,-0.18,0.27,-0.48,-4.2,8.46,2.6
857,2555.987,9,-4.33,8.8,2.07,39.1875,-24.0625,-9.5,0.012222222222222223,0.1922222222222222,0.43333333333333335,297.5625,-25.1875,-72.9375,182632448.0,87605248.0,137101312.0,110592000.0,-0.15,0.32,-0.52,-4.17,8.48,2.6
858,2565.645,9,-4.31,8.92,2.1,39.1875,-24.0625,-9.5,0.12444444444444444,0.1622222222222222,0.4177777777777778,297.3125,-25.0,-73.0625,182255616.0,87900160.0,137134080.0,110936064.0,-0.16,0.42,-0.48,-4.14,8.5,2.58
859,2575.663,10,-4.4,9.0,2.24,39.1875,-24.0625,-9.5,0.15777777777777777,0.15444444444444444,0.38222222222222224,297.0625,-24.8125,-73.1875,181878784.0,88211456.0,137199616.0,111230976.0,-0.28,0.48,-0.31,-4.12,8.52,2.56
860,2588.963,13,-4.37,8.95,2.21,38.0625,-24.75,-9.0625,0.11888888888888889,0.15777777777777777,0.3277777777777778,296.5,-24.6875,-73.3125,181207040.0,87998464.0,137543680.0,112082944.0,-0.28,0.41,-0.33,-4.09,8.53,2.54
861,2595.9370000000004,6,-4.3,8.91,2.19,38.0625,-24.75,-9.0625,0.06555555555555556,0.16,0.25666666666666665,296.3125,-24.5625,-73.4375,180895744.0,88162304.0,137658368.0,112295936.0,-0.22,0.36,-0.33,-4.08,8.54,2.53
862,2606.128,10,-4.26,8.88,2.17,38.0625,-24.75,-9.0625,0.023333333333333334,0.15222222222222223,0.18444444444444444,296.1875,-24.5,-73.5625,180649984.0,88244224.0,137773056.0,112476160.0,-0.19,0.32,-0.34,-4.07,8.55,2.52
863,2616.716,10,-4.23,8.84,2.14,38.0625,-24.75,-9.0625,0.012222222222222223,0.13666666666666666,0.12,296.0625,-24.5,-73.625,180469760.0,88293376.0,137904128.0,112607232.0,-0.16,0.28,-0.36,-4.06,8.56,2.5
864,2627.249,10,-4.28,8.83,2.14,38.0625,-24.75,-9.0625,0.03111111111111111,0.10555555555555556,0.08333333333333333,295.9375,-24.4375,-73.6875,180305920.0,88342528.0,138018816.0,112672768.0,-0.22,0.26,-0.35,-4.06,8.56,2.49
865,2639.6730000000002,12,-4.26,8.78,2.24,39.1875,-24.0625,-9.0625,0.042222222222222223,0.07222222222222222,0.058888888888888886,295.6875,-24.4375,-73.8125,179929088.0,88080384.0,138313728.0,113098752.0,-0.2,0.21,-0.23,-4.06,8.57,2.48
866,2646.772,7,-4.08,8.71,2.29,39.1875,-24.0625,-9.0625,0.025555555555555557,0.044444444444444446,0.043333333333333335,295.625,-24.4375,-73.8125,179847168.0,88113152.0,138379264.0,113131520.0,-0.02,0.14,-0.19,-4.06,8.57,2.48
867,2656.587,9,-3.98,8.68,2.37,39.1875,-24.0625,-9.0625,-0.01,0.015555555555555555,0.024444444444444446,295.625,-24.4375,-73.8125,179814400.0,88129536.0,138395648.0,113147904.0,0.07,0.1,-0.1,-4.05,8.57,2.47
868,2666.4159999999997,9,-3.97,8.66,2.39,39.1875,-24.0625,-9.0625,-0.056666666666666664,-0.011111111111111112,0.011111111111111112,295.5625,-24.4375,-73.8125,179830784.0,88113152.0,138346496.0,113197056.0,0.08,0.09,-0.08,-4.05,8.57,2.48
869,2675.675,9,-3.92,8.62,2.33,39.1875,-24.0625,-9.0625,-0.09555555555555556,-0.027777777777777776,0.0077777777777777776,295.5625,-24.375,-73.75,179896320.0,88031232.0,138280960.0,113246208.0,0.13,0.04,-0.15,-4.05,8.57,2.49
870,2689.083,13,-3.97,8.46,2.41,37.375,-24.5,-9.5,-0.11555555555555555,-0.03777777777777778,0.013333333333333334,295.5625,-24.375,-73.6875,179912704.0,87916544.0,138199040.0,113377280.0,0.07,-0.1,-0.08,-4.05,8.57,2.5
871,2696.071,6,-3.98,8.55,2.48,37.375,-24.5,-9.5,-0.1,-0.051111111111111114,0.024444444444444446,295.5,-24.375,-73.625,179978240.0,87883776.0,138100736.0,113442816.0,0.06,-0.01,-0.03,-4.05,8.56,2.51
872,2706.6189999999997,10,-3.96,8.54,2.53,37.375,-24.5,-9.5,-0.07,-0.07111111111111111,0.043333333333333335,295.5,-24.3125,-73.5625,180027392.0,87883776.0,137986048.0,113491968.0,0.08,-0.02,0.0,-4.04,8.56,2.52
873,2716.7349999999997,10,-3.9,8.56,2.68,37.375,-24.5,-9.5,-0.07777777777777778,-0.08,0.06333333333333334,295.5,-24.3125,-73.5,180092928.0,87900160.0,137838592.0,113573888.0,0.13,0.0,0.15,-4.03,8.57,2.53
874,2725.775,9,-3.89,8.56,2.7,37.375,-24.5,-9.5,-0.10444444444444445,-0.08444444444444445,0.08444444444444445,295.4375,-24.25,-73.4375,180142080.0,87916544.0,137674752.0,113688576.0,0.13,0.0,0.16,-4.02,8.57,2.54
875,2739.14,13,-3.88,8.59,2.71,38.5,-24.5,-8.6875,-0.14,-0.07777777777777778,0.11,295.1875,-24.1875,-73.375,179961856.0,87638016.0,137658368.0,114196480.0,0.13,0.02,0.15,-4.01,8.57,2.55
876,2746.673,7,-3.93,8.57,2.72,38.5,-24.5,-8.6875,-0.1711111111111111,-0.056666666666666664,0.14,295.0625,-24.0625,-73.25,179994624.0,87621632.0,137461760.0,114409472.0,0.07,0.0,0.14,-4.0,8.57,2.57
877,2757.325,10,-3.85,8.57,2.78,38.5,-24.5,-8.6875,-0.18666666666666668,-0.025555555555555557,0.16555555555555557,295.0,-24.0,-73.125,179994624.0,87572480.0,137248768.0,114671616.0,0.13,0.0,0.19,-3.99,8.57,2.59
878,2766.648,9,-3.82,8.52,2.77,38.5,-24.5,-8.6875,-0.19111111111111112,0.022222222222222223,0.18333333333333332,294.8125,-23.875,-73.0625,179978240.0,87523328.0,137084928.0,114966528.0,0.14,-0.04,0.16,-3.97,8.57,2.6
879,2776.755,10,-3.82,8.56,2.84,38.5,-24.5,-8.6875,-0.20444444444444446,0.07111111111111111,0.18777777777777777,294.6875,-23.8125,-73.0,179912704.0,87425024.0,136937472.0,115294208.0,0.13,-0.01,0.21,-3.96,8.57,2.62
880,2789.917,13,-3.74,8.64,2.83,39.5625,-24.75,-10.6875,-0.22777777777777777,0.12444444444444444,0.18444444444444444,294.4375,-23.6875,-72.875,179830784.0,87277568.0,136822784.0,115671040.0,0.2,0.06,0.19,-3.94,8.58,2.63
881,2797.603,7,-3.78,8.52,2.74,39.5625,-24.75,-10.6875,-0.24666666666666667,0.18444444444444444,0.17333333333333334,294.25,-23.625,-72.8125,179716096.0,87080960.0,136757248.0,116064256.0,0.15,-0.05,0.09,-3.93,8.58,2.65
882,2806.366,8,-3.88,8.52,2.64,39.5625,-24.75,-10.6875,-0.22777777777777777,0.23555555555555555,0.15555555555555556,294.0625,-23.625,-72.75,179568640.0,86867968.0,136757248.0,116457472.0,0.04,-0.05,-0.02,-3.93,8.58,2.66
883,2816.7019999999998,10,-4.0,8.66,2.64,39.5625,-24.75,-10.6875,-0.17333333333333334,0.27,0.12444444444444444,293.8125,-23.5625,-72.6875,179404800.0,86638592.0,136839168.0,116785152.0,-0.07,0.08,-0.01,-3.92,8.58,2.66
884,2826.719,10,-4.11,8.63,2.63,39.5625,-24.75,-10.6875,-0.11777777777777777,0.27444444444444444,0.09222222222222222,293.6875,-23.5625,-72.6875,179224576.0,86458368.0,136970240.0,117047296.0,-0.18,0.05,-0.03,-3.92,8.58,2.66
885,2839.081,12,-4.16,8.59,2.74,38.0625,-24.75,-9.5,-0.07,0.24222222222222223,0.058888888888888886,293.4375,-23.5625,-72.75,178946048.0,86147072.0,137199616.0,117440512.0,-0.24,0.01,0.08,-3.92,8.58,2.66
886,2846.5220000000004,7,-4.22,8.67,2.77,38.0625,-24.75,-9.5,-0.011111111111111112,0.18888888888888888,0.01888888888888889,293.3125,-23.625,-72.75,178814976.0,86048768.0,137347072.0,117538816.0,-0.29,0.08,0.12,-3.93,8.58,2.65
887,2856.1580000000004,9,-4.19,8.83,2.79,38.0625,-24.75,-9.5,0.03,0.11444444444444445,-0.02,293.3125,-23.625,-72.8125,178733056.0,85999616.0,137478144.0,117538816.0,-0.25,0.25,0.14,-3.93,8.58,2.64
888,2865.702,9,-4.21,8.79,2.8,38.0625,-24.75,-9.5,0.008888888888888889,0.04111111111111111,-0.05,293.3125,-23.6875,-72.8125,178733056.0,85950464.0,137527296.0,117522432.0,-0.27,0.21,0.15,-3.94,8.58,2.64
889,2875.757,10,-4.23,8.79,2.86,38.0625,-24.75,-9.5,-0.06777777777777778,-0.024444444444444446,-0.07222222222222222,293.375,-23.6875,-72.75,178814976.0,85852160.0,137494528.0,117489664.0,-0.28,0.21,0.21,-3.94,8.57,2.65
890,2889.932,14,-4.21,8.75,2.85,37.0,-25.1875,-7.5,-0.17222222222222222,-0.07,-0.09,293.0,-23.75,-72.625,178552832.0,85164032.0,137707520.0,118161408.0,-0.25,0.18,0.17,-3.95,8.56,2.67
891,2897.636,7,-4.17,8.7,2.77,37.0,-25.1875,-7.5,-0.2588888888888889,-0.10777777777777778,-0.09888888888888889,293.0625,-23.75,-72.5,178782208.0,84934656.0,137510912.0,118194176.0,-0.21,0.14,0.08,-3.95,8.55,2.69
892,2906.395,8,-4.15,8.59,2.75,37.0,-25.1875,-7.5,-0.31222222222222223,-0.13111111111111112,-0.09666666666666666,293.0625,-23.8125,-72.25,179060736.0,84672512.0,137265152.0,118259712.0,-0.19,0.04,0.02,-3.96,8.54,2.72
893,2916.78,10,-4.15,8.52,2.74,37.0,-25.1875,-7.5,-0.33444444444444443,-0.13666666666666666,-0.08444444444444445,293.125,-23.8125,-72.0625,179339264.0,84410368.0,137003008.0,118341632.0,-0.19,-0.01,-0.01,-3.96,8.53,2.75
894,2926.109,9,-4.08,8.37,2.66,37.0,-25.1875,-7.5,-0.3422222222222222,-0.12444444444444444,-0.07666666666666666,293.125,-23.875,-71.8125,179601408.0,84131840.0,136724480.0,118456320.0,-0.11,-0.14,-0.12,-3.97,8.52,2.79
895,2938.752,12,-4.05,8.26,2.66,37.6875,-24.75,-9.875,-0.3377777777777778,-0.09888888888888889,-0.06333333333333334,293.1875,-23.875,-71.625,179830784.0,83853312.0,136478720.0,118587392.0,-0.08,-0.24,-0.15,-3.97,8.5,2.82
896,2945.748,6,-4.06,8.2,2.67,37.6875,-24.75,-9.875,-0.31,-0.07111111111111111,-0.056666666666666664,293.1875,-23.875,-71.4375,180027392.0,83591168.0,136265728.0,118702080.0,-0.08,-0.29,-0.17,-3.97,8.49,2.85
897,2956.6240000000003,10,-4.01,8.2,2.66,37.6875,-24.75,-9.875,-0.2633333333333333,-0.04555555555555556,-0.051111111111111114,293.1875,-23.9375,-71.25,180191232.0,83361792.0,136101888.0,118816768.0,-0.03,-0.28,-0.2,-3.97,8.48,2.87
898,2965.8129999999996,9,-4.0,8.13,2.7,37.6875,-24.75,-9.875,-0.18333333333333332,-0.024444444444444446,-0.044444444444444446,293.1875,-23.9375,-71.1875,180305920.0,83181568.0,135987200.0,118882304.0,-0.02,-0.34,-0.18,-3.98,8.48,2.88
899,2975.7400000000002,9,-4.03,8.18,2.7,37.6875,-24.75,-9.875,-0.0811111111111111,-0.015555555555555555,-0.04666666666666667,293.1875,-23.9375,-71.125,180371456.0,83099648.0,135954432.0,118898688.0,-0.04,-0.29,-0.19,-3.98,8.47,2.89
900,2988.705,12,-4.06,8.22,2.73,39.5625,-24.0625,-9.875,-0.0011111111111111111,-0.005555555555555556,-0.04888888888888889,293.125,-24.0,-71.125,180338688.0,82984960.0,136019968.0,118947840.0,-0.07,-0.25,-0.16,-3.98,8.47,2.89
901,2995.716,7,-4.06,8.26,2.75,39.5625,-24.0625,-9.875,0.027777777777777776,0.0,-0.051111111111111114,293.1875,-24.0,-71.125,180355072.0,82984960.0,136052736.0,118865920.0,-0.06,-0.21,-0.13,-3.99,8.47,2.89
902,0.0,0,-1.88,7.87,6.19,30.1875,-27.875,-26.1875,0.38333333333333336,-0.0044444444444444444,-0.7388888888888889,280.9375,-8.125,-54.375,183844864.0,80248832.0,93995008.0,151601152.0,-0.48,-0.02,0.54,-1.39,7.89,5.64
903,14.963000000000001,14,-1.87,7.81,6.13,31.6875,-27.5625,-25.6875,0.29,0.021111111111111112,-0.7488888888888889,281.5625,-8.4375,-54.5,184500224.0,80297984.0,94371840.0,150536192.0,-0.42,-0.08,0.5,-1.44,7.89,5.62
904,22.565,7,-1.86,7.75,6.05,31.6875,-27.5625,-25.6875,0.1922222222222222,0.04555555555555556,-0.7466666666666667,281.9375,-8.8125,-54.5625,184942592.0,80101376.0,94830592.0,149815296.0,-0.35,-0.14,0.44,-1.5,7.89,5.61
905,32.402,9,-1.89,7.65,5.96,31.6875,-27.5625,-25.6875,0.11555555555555555,0.06777777777777778,-0.7311111111111112,282.3125,-9.1875,-54.625,185384960.0,79822848.0,95256576.0,149143552.0,-0.32,-0.24,0.36,-1.56,7.89,5.6
906,42.124,9,-1.93,7.53,5.9,31.6875,-27.5625,-25.6875,0.06888888888888889,0.07222222222222222,-0.7155555555555555,282.6875,-9.5,-54.625,185827328.0,79511552.0,95649792.0,148520960.0,-0.31,-0.35,0.3,-1.62,7.88,5.59
907,51.9,9,-1.91,7.46,5.8,31.6875,-27.5625,-25.6875,0.052222222222222225,0.07666666666666666,-0.7022222222222222,283.0625,-9.8125,-54.625,186269696.0,79183872.0,96010240.0,147898368.0,-0.23,-0.41,0.2,-1.68,7.87,5.59
908,65.121,13,-1.91,7.44,5.68,33.1875,-27.1875,-25.25,0.06,0.08333333333333333,-0.6933333333333334,283.5625,-10.1875,-54.625,186892288.0,78987264.0,96288768.0,147046400.0,-0.18,-0.42,0.1,-1.73,7.87,5.58
909,72.67899999999999,7,-1.97,7.49,5.49,33.1875,-27.1875,-25.25,0.06666666666666667,0.08777777777777777,-0.6866666666666666,283.9375,-10.5,-54.625,187301888.0,78659584.0,96665600.0,146440192.0,-0.18,-0.37,-0.07,-1.79,7.86,5.57
910,82.39200000000001,9,-1.95,7.63,5.45,33.1875,-27.1875,-25.25,0.06333333333333334,0.09222222222222222,-0.6733333333333333,284.25,-10.8125,-54.625,187695104.0,78348288.0,97042432.0,145833984.0,-0.1,-0.21,-0.12,-1.84,7.85,5.57
911,91.63499999999999,9,-1.98,7.76,5.39,33.1875,-27.1875,-25.25,0.04888888888888889,0.09666666666666666,-0.6488888888888888,284.625,-11.125,-54.625,188088320.0,78020608.0,97419264.0,145276928.0,-0.08,-0.08,-0.17,-1.9,7.84,5.56
912,101.632,9,-2.12,7.93,5.26,33.1875,-27.1875,-25.25,0.022222222222222223,0.1,-0.6111111111111112,284.9375,-11.4375,-54.625,188448768.0,77692928.0,97746944.0,144752640.0,-0.17,0.1,-0.29,-1.95,7.83,5.56
913,114.82000000000001,13,-2.21,7.98,5.23,31.25,-26.375,-25.25,-0.0033333333333333335,0.10111111111111111,-0.5677777777777778,285.5,-11.75,-54.5625,189136896.0,77594624.0,97861632.0,143818752.0,-0.2,0.16,-0.32,-2.0,7.82,5.56
914,121.95599999999999,7,-2.24,7.9,5.18,31.25,-26.375,-25.25,-0.0044444444444444444,0.09666666666666666,-0.5366666666666666,285.75,-12.0,-54.5625,189464576.0,77283328.0,98140160.0,143376384.0,-0.2,0.09,-0.37,-2.04,7.81,5.55
915,131.52800000000002,9,-2.28,7.81,5.15,31.25,-26.375,-25.25,0.0,0.09222222222222222,-0.5388888888888889,286.0,-12.25,-54.5,189792256.0,76955648.0,98418688.0,142917632.0,-0.19,0.0,-0.4,-2.09,7.8,5.55
916,141.593,10,-2.27,7.73,5.09,31.25,-26.375,-25.25,-0.02,0.07555555555555556,-0.5744444444444444,286.3125,-12.5625,-54.5,190152704.0,76627968.0,98697216.0,142442496.0,-0.13,-0.05,-0.46,-2.13,7.79,5.55
917,151.643,10,-2.31,7.83,5.12,31.25,-26.375,-25.25,-0.07222222222222222,0.04666666666666667,-0.6233333333333333,286.625,-12.875,-54.375,190578688.0,76234752.0,98910208.0,141934592.0,-0.12,0.06,-0.43,-2.18,7.77,5.56
918,165.441,13,-2.42,7.91,5.1,31.6875,-26.375,-23.25,-0.15222222222222223,0.012222222222222223,-0.6644444444444444,286.9375,-13.125,-54.3125,191037440.0,75792384.0,99123200.0,141393920.0,-0.18,0.15,-0.46,-2.23,7.75,5.56
919,172.642,7,-2.48,7.94,5.13,31.6875,-26.375,-23.25,-0.23222222222222222,-0.044444444444444446,-0.6833333333333333,287.3125,-13.4375,-54.125,191578112.0,75333632.0,99237888.0,140836864.0,-0.2,0.21,-0.44,-2.28,7.73,5.58
920,184.025,11,-2.65,8.1,5.07,31.6875,-26.375,-23.25,-0.2966666666666667,-0.11,-0.6788888888888889,287.6875,-13.6875,-53.9375,192184320.0,74809344.0,99172352.0,140312576.0,-0.32,0.39,-0.53,-2.33,7.7,5.6
921,192.923,8,-2.67,8.08,5.02,31.6875,-26.375,-23.25,-0.33,-0.17777777777777778,-0.6666666666666666,288.0625,-13.9375,-53.6875,192839680.0,74317824.0,99024896.0,139804672.0,-0.3,0.41,-0.6,-2.36,7.66,5.63
922,202.225,9,-2.6,8.01,4.96,31.6875,-26.375,-23.25,-0.35777777777777775,-0.23,-0.6577777777777778,288.5,-14.1875,-53.375,193511424.0,73826304.0,98811904.0,139280384.0,-0.2,0.38,-0.7,-2.4,7.63,5.66
923,214.807,12,-2.64,8.08,4.81,32.5,-25.25,-24.5,-0.37444444444444447,-0.26555555555555554,-0.6622222222222223,288.9375,-14.375,-53.125,194281472.0,73400320.0,98500608.0,138641408.0,-0.2,0.48,-0.87,-2.43,7.59,5.69
924,221.988,7,-2.68,8.13,4.79,32.5,-25.25,-24.5,-0.3877777777777778,-0.2822222222222222,-0.6766666666666666,289.375,-14.5625,-52.8125,194985984.0,72925184.0,98222080.0,138100736.0,-0.21,0.57,-0.93,-2.47,7.56,5.73
925,231.633,9,-2.76,8.21,4.72,32.5,-25.25,-24.5,-0.3888888888888889,-0.2911111111111111,-0.6955555555555556,289.75,-14.75,-52.5,195723264.0,72417280.0,97943552.0,137527296.0,-0.25,0.68,-1.04,-2.5,7.52,5.76
926,241.65300000000002,10,-2.83,8.28,4.68,32.5,-25.25,-24.5,-0.38555555555555554,-0.29444444444444445,-0.7144444444444444,290.1875,-15.0,-52.1875,196460544.0,71925760.0,97665024.0,136937472.0,-0.29,0.79,-1.11,-2.54,7.48,5.8
927,251.664,10,-3.08,8.46,4.75,32.5,-25.25,-24.5,-0.3711111111111111,-0.30444444444444446,-0.7288888888888889,290.625,-15.1875,-51.875,197197824.0,71434240.0,97386496.0,136331264.0,-0.5,1.02,-1.08,-2.57,7.44,5.83
928,264.819,13,-3.17,8.56,4.77,33.875,-23.375,-24.0625,-0.3277777777777778,-0.32222222222222224,-0.7411111111111112,291.125,-15.4375,-51.625,197935104.0,70991872.0,97107968.0,135675904.0,-0.56,1.15,-1.09,-2.61,7.41,5.86
929,272.945,8,-3.26,8.59,4.79,33.875,-23.375,-24.0625,-0.2611111111111111,-0.34555555555555556,-0.76,291.5625,-15.625,-51.3125,198672384.0,70615040.0,96878592.0,134955008.0,-0.61,1.21,-1.1,-2.64,7.37,5.89
930,281.159,8,-3.49,8.62,4.94,33.875,-23.375,-24.0625,-0.19666666666666666,-0.3688888888888889,-0.79,292.125,-15.8125,-51.125,199409664.0,70303744.0,96665600.0,134184960.0,-0.81,1.28,-0.96,-2.67,7.34,5.91
931,291.714,10,-3.61,8.71,5.02,33.875,-23.375,-24.0625,-0.13444444444444445,-0.4111111111111111,-0.83,292.625,-16.0625,-50.9375,200179712.0,70057984.0,96468992.0,133316608.0,-0.9,1.39,-0.91,-2.71,7.31,5.93
932,301.70599999999996,9,-3.65,8.84,5.03,33.875,-23.375,-24.0625,-0.08666666666666667,-0.4488888888888889,-0.8833333333333333,293.25,-16.25,-50.75,200966144.0,69861376.0,96272384.0,132366336.0,-0.9,1.55,-0.92,-2.74,7.28,5.95
933,314.44100000000003,12,-3.76,8.94,5.07,32.75,-21.875,-24.5,-0.07444444444444444,-0.47333333333333333,-0.94,293.875,-16.5,-50.5,201801728.0,69648384.0,96092160.0,131334144.0,-0.97,1.68,-0.9,-2.78,7.26,5.97
934,322.201,7,-4.03,8.99,5.22,32.75,-21.875,-24.5,-0.07666666666666666,-0.5,-0.9966666666666667,294.5,-16.75,-50.3125,202670080.0,69435392.0,95879168.0,130252800.0,-1.2,1.76,-0.76,-2.82,7.22,5.99
935,331.946,9,-4.1,8.96,5.28,32.75,-21.875,-24.5,-0.09777777777777778,-0.5288888888888889,-1.0611111111111111,295.1875,-17.0,-50.0625,203603968.0,69173248.0,95666176.0,129105920.0,-1.23,1.76,-0.72,-2.87,7.19,6.01
936,341.69300000000004,9,-4.12,8.9,5.24,32.75,-21.875,-24.5,-0.15444444444444444,-0.55,-1.1322222222222222,295.9375,-17.25,-49.8125,204587008.0,68845568.0,95404032.0,127893504.0,-1.2,1.74,-0.78,-2.91,7.15,6.03
937,351.687,9,-4.14,8.83,5.29,32.75,-21.875,-24.5,-0.24333333333333335,-0.57,-1.2166666666666666,296.75,-17.5625,-49.4375,205668352.0,68403200.0,95092736.0,126631936.0,-1.17,1.73,-0.77,-2.96,7.1,6.07
938,364.47,12,-4.16,8.7,5.36,35.0,-20.5,-25.75,-0.3655555555555556,-0.5877777777777777,-1.3044444444444445,297.5625,-17.875,-49.0625,206831616.0,67813376.0,94732288.0,125321216.0,-1.14,1.65,-0.74,-3.01,7.04,6.11
939,371.987,7,-4.16,8.54,5.46,35.0,-20.5,-25.75,-0.47,-0.6311111111111111,-1.3877777777777778,298.375,-18.25,-48.5625,208093184.0,67092480.0,94273536.0,123961344.0,-1.09,1.56,-0.7,-3.07,6.98,6.16
940,381.704,9,-4.1,8.28,5.47,35.0,-20.5,-25.75,-0.5422222222222223,-0.6922222222222222,-1.4555555555555555,299.3125,-18.5625,-48.0,209420288.0,66322432.0,93732864.0,122552320.0,-0.97,1.38,-0.74,-3.13,6.9,6.21
941,391.756,10,-4.16,8.03,5.63,35.0,-20.5,-25.75,-0.5722222222222222,-0.79,-1.511111111111111,300.25,-18.875,-47.375,210829312.0,65536000.0,93077504.0,121044992.0,-0.98,1.21,-0.64,-3.18,6.82,6.27
942,401.736,9,-4.34,7.98,5.69,35.0,-20.5,-25.75,-0.6044444444444445,-0.9044444444444445,-1.5266666666666666,301.1875,-19.1875,-46.6875,212287488.0,64765952.0,92291072.0,119488512.0,-1.11,1.23,-0.65,-3.22,6.74,6.34
943,413.606,11,-4.56,7.88,5.69,31.25,-17.875,-26.5625,-0.6722222222222223,-1.0266666666666666,-1.5,302.1875,-19.375,-46.0,213778432.0,64012288.0,91340800.0,117948416.0,-1.3,1.22,-0.73,-3.25,6.65,6.42
944,420.654,7,-5.19,8.24,5.64,31.25,-17.875,-26.5625,-0.7677777777777778,-1.1455555555555557,-1.4233333333333333,303.125,-19.5,-45.25,215302144.0,63258624.0,90177536.0,116490240.0,-1.91,1.67,-0.86,-3.27,6.56,6.5
945,431.7,11,-5.47,8.34,5.57,31.25,-17.875,-26.5625,-0.8944444444444445,-1.231111111111111,-1.3122222222222222,304.0,-19.5,-44.375,216809472.0,62455808.0,88801280.0,115146752.0,-2.19,1.88,-1.02,-3.28,6.46,6.59
946,441.735,10,-5.69,8.53,5.63,31.25,-17.875,-26.5625,-1.001111111111111,-1.2677777777777777,-1.198888888888889,304.8125,-19.5,-43.5,218300416.0,61603840.0,87310336.0,113967104.0,-2.41,2.16,-1.06,-3.27,6.36,6.69
947,451.728,9,-6.0,8.85,5.79,31.25,-17.875,-26.5625,-1.0066666666666666,-1.2566666666666666,-1.1133333333333333,305.625,-19.375,-42.625,219709440.0,60784640.0,85786624.0,112852992.0,-2.73,2.58,-1.0,-3.26,6.26,6.79
948,463.836,12,-6.85,8.85,6.49,32.375,-14.75,-27.875,-0.9522222222222222,-1.23,-1.0811111111111111,306.3125,-19.3125,-41.8125,221052928.0,59998208.0,84295680.0,111755264.0,-3.6,2.68,-0.39,-3.24,6.17,6.89
949,471.373,7,-7.31,8.79,7.0,32.375,-14.75,-27.875,-0.8733333333333333,-1.2144444444444444,-1.1355555555555557,307.125,-19.1875,-41.0,222380032.0,59277312.0,82870272.0,110559232.0,-4.08,2.7,0.02,-3.23,6.08,6.98
950,481.691,10,-7.75,9.07,7.39,32.375,-14.75,-27.875,-0.7577777777777778,-1.221111111111111,-1.2744444444444445,307.9375,-19.1875,-40.3125,223739904.0,58605568.0,81543168.0,109150208.0,-4.53,3.08,0.33,-3.22,5.99,7.06
951,491.769,10,-8.52,9.29,8.86,32.375,-14.75,-27.875,-0.6844444444444444,-1.2566666666666666,-1.4944444444444445,308.9375,-19.1875,-39.5625,225181696.0,57950208.0,80265216.0,107479040.0,-5.29,3.39,1.73,-3.22,5.89,7.13
952,501.78599999999994,10,-8.55,8.72,9.53,32.375,-14.75,-27.875,-0.5233333333333333,-1.3411111111111111,-1.8155555555555556,310.125,-19.25,-38.8125,226754560.0,57376768.0,79052800.0,105365504.0,-5.32,2.91,2.32,-3.23,5.8,7.2
953,513.396,11,-8.14,7.83,10.05,32.0,-11.0625,-31.0625,-0.07444444444444444,-1.5233333333333334,-2.2844444444444445,311.625,-19.375,-38.25,228458496.0,57196544.0,77987840.0,102498304.0,-4.89,2.09,2.79,-3.25,5.73,7.26
954,521.102,7,-7.28,7.17,10.53,32.0,-11.0625,-31.0625,0.5722222222222222,-1.7522222222222221,-2.9555555555555557,313.625,-19.5625,-37.9375,230375424.0,57573376.0,77152256.0,98598912.0,-3.99,1.49,3.24,-3.29,5.68,7.28
955,531.895,10,-5.18,7.21,11.43,32.0,-11.0625,-31.0625,1.1322222222222222,-1.98,-3.78,316.1875,-20.0,-37.6875,232505344.0,58343424.0,76546048.0,93470720.0,-1.82,1.57,4.15,-3.35,5.63,7.28
956,541.732,9,-4.21,7.88,12.12,32.0,-11.0625,-31.0625,1.3933333333333333,-2.1966666666666668,-4.654444444444445,319.25,-20.625,-37.4375,234913792.0,59146240.0,75988992.0,87195648.0,-0.76,2.29,4.84,-3.45,5.58,7.28
957,551.716,9,-3.31,8.12,12.81,32.0,-11.0625,-31.0625,1.231111111111111,-2.4055555555555554,-5.455555555555556,322.75,-21.375,-36.9375,237584384.0,59523072.0,75317248.0,79953920.0,0.26,2.63,5.51,-3.57,5.48,7.29
958,563.775,12,-1.49,8.69,14.16,31.0,-9.1875,-33.5,0.6744444444444444,-2.5766666666666667,-6.114444444444445,326.625,-22.1875,-35.875,240533504.0,59047936.0,74366976.0,72040448.0,2.21,3.37,6.8,-3.71,5.32,7.35
959,570.981,7,-0.34,8.53,14.4,31.0,-9.1875,-33.5,-0.13555555555555557,-2.7022222222222223,-6.595555555555555,330.625,-23.0625,-34.25,243630080.0,57442304.0,73039872.0,63750144.0,3.49,3.45,6.94,-3.84,5.07,7.45
960,581.681,10,0.74,7.97,14.13,31.0,-9.1875,-33.5,-1.0477777777777777,-2.7177777777777776,-6.884444444444444,334.6875,-23.875,-31.9375,246792192.0,54640640.0,71401472.0,55377920.0,4.72,3.23,6.53,-3.97,4.74,7.6
961,591.801,10,1.55,6.59,13.69,31.0,-9.1875,-33.5,-1.8766666666666667,-2.5411111111111113,-6.98,338.625,-24.625,-29.125,249823232.0,50708480.0,69697536.0,47136768.0,5.64,2.25,5.9,-4.08,4.34,7.78
962,601.7379999999999,9,2.71,3.37,12.37,31.0,-9.1875,-33.5,-2.2622222222222224,-2.161111111111111,-6.87,342.3125,-25.3125,-26.0625,252444672.0,46202880.0,68239360.0,39174144.0,6.9,-0.52,4.42,-4.19,3.9,7.95
963,613.557,11,3.45,2.78,11.1,29.5,-3.5625,-36.75,-2.0444444444444443,-1.5955555555555556,-6.532222222222222,345.8125,-26.0,-23.25,254492672.0,41893888.0,67338240.0,31637504.0,7.75,-0.7,3.01,-4.3,3.48,8.09
964,620.655,7,4.15,2.51,9.85,29.5,-3.5625,-36.75,-1.55,-0.8122222222222222,-5.941111111111111,348.875,-26.8125,-20.8125,255852544.0,38223872.0,67272704.0,24772608.0,8.58,-0.6,1.67,-4.42,3.11,8.17
965,631.707,11,4.66,2.17,8.95,29.5,-3.5625,-36.75,-1.0566666666666666,0.1622222222222222,-5.11,351.5,-27.8125,-18.9375,256507904.0,35274752.0,68255744.0,18923520.0,9.24,-0.64,0.75,-4.58,2.81,8.19
966,641.756,10,4.68,1.1,8.78,29.5,-3.5625,-36.75,-0.5788888888888889,1.22,-4.122222222222222,353.5625,-29.1875,-17.5625,256524288.0,33128448.0,70369280.0,14303232.0,9.46,-1.48,0.62,-4.78,2.58,8.16
967,651.729,9,4.36,0.92,8.82,29.5,-3.5625,-36.75,-0.16555555555555557,2.247777777777778,-3.066666666666667,355.0625,-30.8125,-16.75,255967232.0,31735808.0,73564160.0,10960896.0,9.39,-1.5,0.76,-5.03,2.43,8.05
968,664.096,12,3.98,0.67,8.86,22.0,8.25,-40.0,0.04666666666666667,3.1855555555555557,-2.0244444444444443,355.9375,-32.8125,-16.4375,254902272.0,30916608.0,77742080.0,8962048.0,9.3,-1.66,0.95,-5.31,2.33,7.9
969,671.766,7,3.4,0.31,8.34,22.0,8.25,-40.0,0.08333333333333333,3.9744444444444444,-1.051111111111111,356.25,-35.0625,-16.5,253427712.0,30457856.0,82690048.0,8241152.0,9.03,-1.97,0.65,-5.63,2.28,7.69
970,681.5909999999999,9,2.93,0.0,7.81,22.0,8.25,-40.0,0.042222222222222223,4.592222222222222,-0.1811111111111111,356.0,-37.4375,-17.0,251559936.0,30244864.0,88227840.0,8667136.0,8.9,-2.28,0.37,-5.96,2.27,7.43
971,691.7710000000001,10,2.39,-0.08,7.12,22.0,8.25,-40.0,0.03,5.046666666666667,0.5755555555555556,355.375,-40.0,-17.9375,249348096.0,30310400.0,94158848.0,10059776.0,8.69,-2.4,-0.02,-6.3,2.31,7.14
972,701.7600000000001,9,2.08,0.01,6.41,22.0,8.25,-40.0,0.043333333333333335,5.371111111111111,1.2422222222222221,354.25,-42.5625,-19.3125,246792192.0,30654464.0,100302848.0,12288000.0,8.72,-2.37,-0.39,-6.63,2.39,6.81
973,713.773,12,1.47,0.64,4.81,23.5,11.0,-34.6875,0.03222222222222222,5.616666666666666,1.8488888888888888,352.8125,-45.0625,-21.25,243908608.0,31227904.0,106577920.0,15253504.0,8.41,-1.87,-1.63,-6.94,2.51,6.44
974,721.367,7,1.28,1.13,3.96,23.5,11.0,-34.6875,-0.052222222222222225,5.828888888888889,2.442222222222222,350.9375,-47.5,-23.8125,240680960.0,31965184.0,112918528.0,18972672.0,8.51,-1.54,-2.09,-7.23,2.67,6.05
975,731.6740000000001,10,1.29,1.55,3.1,23.5,11.0,-34.6875,-0.16777777777777778,6.0088888888888885,3.0433333333333334,348.6875,-49.75,-27.0,237076480.0,32849920.0,119259136.0,23445504.0,8.78,-1.32,-2.53,-7.48,2.88,5.64
976,741.795,10,1.16,2.27,0.84,23.5,11.0,-34.6875,-0.21222222222222223,6.163333333333333,3.6666666666666665,345.9375,-51.6875,-31.0,233078784.0,33980416.0,125534208.0,28639232.0,8.85,-0.86,-4.35,-7.69,3.13,5.2
977,751.816,10,1.03,2.8,-0.29,23.5,11.0,-34.6875,-0.12,6.32,4.318888888888889,342.8125,-53.25,-36.0,228589568.0,35536896.0,131727360.0,34488320.0,8.89,-0.64,-5.03,-7.86,3.44,4.74
978,763.397,11,1.11,3.56,-1.43,34.5,11.5,-25.0,0.09666666666666666,6.488888888888889,5.0055555555555555,339.1875,-54.3125,-42.0,223526912.0,37683200.0,137838592.0,40927232.0,9.08,-0.26,-5.68,-7.96,3.82,4.24
979,771.245,7,1.11,4.5,-2.56,34.5,11.5,-25.0,0.3844444444444444,6.674444444444444,5.7411111111111115,335.125,-54.625,-48.875,217776128.0,40517632.0,143851520.0,47923200.0,9.11,0.22,-6.29,-7.99,4.27,3.72
980,781.807,10,0.13,6.21,-3.83,34.5,11.5,-25.0,0.7344444444444445,6.836666666666667,6.504444444444444,330.5625,-54.0625,-56.4375,211271680.0,44122112.0,149684224.0,55410688.0,8.07,1.41,-7.01,-7.94,4.79,3.17
981,791.8340000000001,10,-0.39,6.53,-4.04,34.5,11.5,-25.0,1.1177777777777778,6.9255555555555555,7.224444444444444,325.5,-52.5,-64.0625,203964416.0,48513024.0,155238400.0,63258624.0,7.38,1.16,-6.65,-7.78,5.36,2.6
982,801.745,9,-0.52,6.58,-4.42,34.5,11.5,-25.0,1.4744444444444444,6.901111111111111,7.822222222222222,320.0,-50.0,-71.1875,195936256.0,53559296.0,160366592.0,71254016.0,6.98,0.62,-6.45,-7.51,5.96,2.02
983,813.703,11,-0.14,7.09,-4.62,45.6875,3.6875,-12.0625,1.7955555555555556,6.764444444444444,8.267777777777777,314.125,-46.625,-77.5625,187285504.0,59162624.0,164954112.0,79200256.0,6.99,0.52,-6.07,-7.13,6.57,1.44
984,820.97,7,0.38,7.81,-4.55,45.6875,3.6875,-12.0625,2.0588888888888888,6.485555555555556,8.566666666666666,307.9375,-42.625,-82.875,178159616.0,65191936.0,168869888.0,86900736.0,7.03,0.65,-5.44,-6.64,7.15,0.88
985,831.7860000000001,10,0.45,8.55,-4.88,45.6875,3.6875,-12.0625,2.1222222222222222,6.104444444444445,8.76,301.5625,-38.1875,-87.1875,168755200.0,71401472.0,171966464.0,94388224.0,6.52,0.85,-5.25,-6.06,7.69,0.37
986,841.953,10,0.03,9.13,-5.38,45.6875,3.6875,-12.0625,2.0855555555555556,5.616666666666666,8.875555555555556,294.9375,-33.375,-90.625,159285248.0,77692928.0,174161920.0,101564416.0,5.43,0.95,-5.29,-5.4,8.18,-0.09
987,851.931,9,1.22,9.55,-5.56,45.6875,3.6875,-12.0625,1.9666666666666666,5.028888888888889,8.896666666666667,288.25,-28.4375,-93.25,149913600.0,84017152.0,175423488.0,108396544.0,5.9,0.94,-5.07,-4.67,8.6,-0.49
988,863.552,11,2.02,9.94,-5.63,48.375,-12.75,3.5625,1.7066666666666668,4.357777777777778,8.865555555555556,281.5625,-23.5,-95.125,140869632.0,90275840.0,175669248.0,114900992.0,5.93,0.99,-4.82,-3.91,8.95,-0.81
989,870.924,7,2.56,11.03,-5.59,48.375,-12.75,3.5625,1.1333333333333333,3.6766666666666667,8.892222222222221,274.9375,-18.4375,-96.3125,132333568.0,96354304.0,174751744.0,121356288.0,5.67,1.78,-4.56,-3.11,9.24,-1.03
990,881.8820000000001,10,3.25,12.26,-5.81,48.375,-12.75,3.5625,0.4022222222222222,2.9988888888888887,9.106666666666667,268.3125,-13.375,-96.875,124272640.0,102334464.0,172523520.0,127991808.0,5.52,2.79,-4.66,-2.27,9.47,-1.14
991,891.985,10,3.37,12.39,-6.42,48.375,-12.75,3.5625,-0.1922222222222222,2.348888888888889,9.493333333333334,261.6875,-8.0625,-96.875,116539392.0,108445696.0,168984576.0,134742016.0,4.75,2.75,-5.26,-1.38,9.63,-1.16
992,902.153,10,3.57,11.91,-7.03,48.375,-12.75,3.5625,-0.4177777777777778,1.778888888888889,9.918888888888889,255.1875,-2.625,-96.6875,108855296.0,114917376.0,164413440.0,141328384.0,4.02,2.18,-5.88,-0.45,9.72,-1.14
993,913.886,11,4.59,11.85,-7.74,35.375,-28.875,13.875,-0.21888888888888888,1.3355555555555556,10.216666666666667,248.8125,2.9375,-96.5625,100941824.0,121733120.0,159186944.0,147341312.0,4.09,2.12,-6.61,0.5,9.72,-1.12
994,921.0120000000001,7,5.46,11.79,-9.49,35.375,-28.875,13.875,0.3288888888888889,1.0477777777777777,10.314444444444444,242.5625,8.5625,-96.75,92635136.0,128811008.0,153763840.0,152453120.0,3.99,2.16,-8.35,1.46,9.62,-1.14
995,931.9,10,6.01,11.48,-9.57,35.375,-28.875,13.875,1.2344444444444445,0.8988888888888888,10.194444444444445,236.3125,14.125,-97.4375,83738624.0,135987200.0,148635648.0,156401664.0,3.6,2.05,-8.33,2.4,9.42,-1.23
996,941.915,10,6.65,11.73,-9.45,35.375,-28.875,13.875,2.2533333333333334,0.7977777777777778,9.831111111111111,230.0625,19.5,-98.8125,74317824.0,143065088.0,144113664.0,159055872.0,3.37,2.6,-8.03,3.27,9.13,-1.41
997,951.971,10,5.6,13.25,-8.28,35.375,-28.875,13.875,3.0255555555555556,0.6433333333333333,9.284444444444444,223.875,24.5625,-100.625,64733184.0,149848064.0,140165120.0,160530432.0,1.52,4.48,-6.63,4.07,8.76,-1.65
998,963.6519999999999,11,4.37,14.28,-7.65,15.5625,-41.5,13.0,3.381111111111111,0.3333333333333333,8.653333333333334,218.0,29.1875,-102.875,55459840.0,156237824.0,136544256.0,161021952.0,-0.4,5.93,-5.74,4.78,8.34,-1.91
999,971.622,7,3.55,15.05,-7.18,15.5625,-41.5,13.0,3.201111111111111,-0.18222222222222223,7.947777777777778,212.625,33.375,-105.3125,47071232.0,162250752.0,132939776.0,160759808.0,-1.83,7.15,-5.01,5.39,7.89,-2.16
1000,981.982,10,2.69,15.18,-6.68,15.5625,-41.5,13.0,2.493333333333333,-0.9355555555555556,7.116666666666666,208.25,36.9375,-107.8125,40288256.0,167903232.0,129056768.0,159956992.0,-3.2,7.72,-4.28,5.89,7.46,-2.4
1001,992.02,10,2.4,15.07,-7.08,15.5625,-41.5,13.0,1.6355555555555557,-1.9044444444444444,6.092222222222222,205.1875,39.6875,-110.3125,35504128.0,173309952.0,125026304.0,158515200.0,-3.86,8.0,-4.46,6.27,7.06,-2.62
1002,1001.9830000000001,9,2.6,14.64,-7.42,15.5625,-41.5,13.0,0.84,-2.962222222222222,4.873333333333333,203.75,41.5625,-112.9375,32882688.0,178520064.0,121094144.0,156352512.0,-3.91,7.89,-4.56,6.51,6.75,-2.85
1003,1014.0720000000001,12,3.02,14.54,-7.68,-3.375,-43.0,18.25,0.3322222222222222,-3.997777777777778,3.5433333333333334,203.75,42.4375,-115.625,32260096.0,183517184.0,117669888.0,153272320.0,-3.59,8.02,-4.55,6.62,6.52,-3.12
1004,1021.392,7,4.77,14.44,-7.5,-3.375,-43.0,18.25,0.11444444444444445,-4.902222222222222,2.247777777777778,205.0625,42.3125,-118.375,33243136.0,188301312.0,115015680.0,149225472.0,-1.83,8.06,-4.05,6.6,6.37,-3.44
1005,1031.8400000000001,10,5.76,14.18,-7.39,-3.375,-43.0,18.25,0.051111111111111114,-5.6177777777777775,1.0911111111111111,207.625,41.3125,-121.0,35487744.0,192823296.0,113147904.0,144293888.0,-0.71,7.87,-3.59,6.47,6.3,-3.79
1006,1041.981,10,6.64,13.84,-7.19,-3.375,-43.0,18.25,-0.04777777777777778,-6.13,0.09,211.1875,39.5625,-123.4375,38748160.0,196968448.0,111935488.0,138657792.0,0.38,7.53,-3.03,6.25,6.3,-4.16
1007,1051.998,10,7.11,13.59,-6.77,-3.375,-43.0,18.25,-0.21333333333333335,-6.464444444444444,-0.7577777777777778,215.8125,37.25,-125.4375,42860544.0,200687616.0,111263744.0,132513792.0,1.17,7.23,-2.25,5.94,6.35,-4.52
1008,1063.964,11,7.29,13.21,-5.83,-10.0,-41.875,19.1875,-0.3711111111111111,-6.666666666666667,-1.461111111111111,221.375,34.4375,-127.0,47644672.0,203931648.0,111017984.0,125992960.0,1.74,6.76,-0.96,5.55,6.45,-4.86
1009,1071.399,7,7.19,12.7,-5.13,-10.0,-41.875,19.1875,-0.4988888888888889,-6.777777777777778,-2.0388888888888888,227.8125,31.3125,-128.1875,52887552.0,206684160.0,111083520.0,119160832.0,2.09,6.12,0.04,5.1,6.57,-5.18
1010,1082.0069999999998,10,7.01,12.32,-4.5,-10.0,-41.875,19.1875,-0.5722222222222222,-6.855555555555555,-2.5388888888888888,235.125,27.9375,-129.0625,58474496.0,208961536.0,111476736.0,112017408.0,2.41,5.6,0.95,4.59,6.72,-5.46
1011,1092.123,10,5.99,12.15,-3.19,-10.0,-41.875,19.1875,-0.5455555555555556,-6.906666666666666,-2.986666666666667,243.0625,24.3125,-129.6875,64225280.0,210763776.0,112148480.0,104562688.0,1.95,5.28,2.51,4.03,6.87,-5.7
1012,1106.6670000000001,14,5.38,11.97,-2.34,-10.0,-41.875,19.1875,-0.51,-6.931111111111111,-3.397777777777778,251.75,20.4375,-130.0625,70074368.0,212107264.0,113115136.0,96780288.0,1.95,4.95,3.57,3.43,7.02,-5.92
1013,1113.739,7,4.86,12.16,-1.55,-1.875,-39.875,23.25,-0.4866666666666667,-6.92,-3.8155555555555556,261.125,16.4375,-130.3125,75972608.0,212926464.0,114343936.0,88735744.0,2.08,5.0,4.53,2.77,7.16,-6.09
1014,1121.071,7,4.37,12.23,-0.83,-1.875,-39.875,23.25,-0.5933333333333334,-6.863333333333333,-4.243333333333333,271.0,12.25,-130.375,82034688.0,213139456.0,115834880.0,80527360.0,2.28,4.94,5.37,2.08,7.29,-6.2
1015,1131.9669999999999,10,3.75,12.32,0.07,-1.875,-39.875,23.25,-0.8011111111111111,-6.7155555555555555,-4.695555555555556,281.3125,7.9375,-130.125,88276992.0,212647936.0,117571584.0,72286208.0,2.39,4.9,6.33,1.35,7.42,-6.26
1016,1142.018,10,3.43,12.27,0.57,-1.875,-39.875,23.25,-1.1644444444444444,-6.433333333333334,-5.183333333333334,291.75,3.5,-129.5625,94748672.0,211304448.0,119619584.0,64208896.0,2.82,4.73,6.81,0.6,7.54,-6.24
1017,1152.055,10,3.12,12.11,0.87,-1.875,-39.875,23.25,-1.7022222222222223,-6.004444444444444,-5.7188888888888885,301.75,-0.875,-128.6875,101531648.0,208945152.0,122028032.0,56524800.0,3.28,4.46,7.0,-0.15,7.65,-6.13
1018,1163.796,11,2.95,11.81,1.07,10.5,-38.875,21.1875,-2.3866666666666667,-5.423333333333333,-6.288888888888889,311.0,-5.375,-127.375,108642304.0,205438976.0,124911616.0,49446912.0,3.88,4.06,7.0,-0.92,7.75,-5.92
1019,1171.1009999999999,7,2.92,11.14,1.3,10.5,-38.875,21.1875,-3.183333333333333,-4.694444444444445,-6.818888888888889,319.125,-9.875,-125.625,116047872.0,200671232.0,128286720.0,43204608.0,4.61,3.29,6.93,-1.69,7.84,-5.63
1020,1182.045,10,2.85,10.35,1.31,10.5,-38.875,21.1875,-3.9655555555555555,-3.8577777777777778,-7.253333333333333,325.875,-14.375,-123.625,123551744.0,194674688.0,132136960.0,37912576.0,5.29,2.44,6.57,-2.43,7.9,-5.26
1021,1192.076,10,2.87,9.68,1.34,10.5,-38.875,21.1875,-4.575555555555556,-3.0055555555555555,-7.552222222222222,331.25,-18.6875,-121.375,130891776.0,187596800.0,136396800.0,33538048.0,6.02,1.75,6.18,-3.14,7.92,-4.83
1022,1202.036,9,2.5,8.03,1.14,10.5,-38.875,21.1875,-5.0088888888888885,-2.172222222222222,-7.6722222222222225,335.375,-22.875,-119.0625,137854976.0,179683328.0,140951552.0,30048256.0,6.32,0.14,5.52,-3.81,7.89,-4.38
1023,1213.743,11,1.99,7.24,0.94,26.75,-35.875,11.0,-5.227777777777778,-1.3955555555555557,-7.596666666666667,338.5,-26.875,-116.75,144195584.0,171196416.0,145637376.0,27344896.0,6.43,-0.55,4.88,-4.44,7.8,-3.94
1024,1221.639,7,1.47,6.66,0.61,26.75,-35.875,11.0,-5.182222222222222,-0.7144444444444444,-7.352222222222222,340.8125,-30.6875,-114.75,149716992.0,162512896.0,150306816.0,25296896.0,6.48,-0.99,4.15,-5.0,7.65,-3.53
1025,1232.083,10,0.71,6.12,0.44,26.75,-35.875,11.0,-5.015555555555555,-0.12222222222222222,-6.9688888888888885,342.4375,-34.1875,-112.9375,154386432.0,153845760.0,154877952.0,23805952.0,6.22,-1.34,3.61,-5.51,7.46,-3.16
1026,1242.008,9,-0.4,4.89,0.29,26.75,-35.875,11.0,-4.725555555555555,0.35888888888888887,-6.487777777777778,343.5625,-37.375,-111.4375,158203904.0,145457152.0,159219712.0,22773760.0,5.54,-2.35,3.15,-5.95,7.25,-2.85
1027,1252.062,10,-0.35,4.62,-0.01,26.75,-35.875,11.0,-4.333333333333333,0.7644444444444445,-5.955555555555556,344.375,-40.25,-110.3125,161169408.0,137527296.0,163348480.0,22085632.0,5.98,-2.38,2.59,-6.33,7.01,-2.6
1028,1264.0240000000001,11,-0.08,4.43,-0.53,39.5,-24.375,1.25,-3.9633333333333334,1.1577777777777778,-5.395555555555555,344.8125,-42.8125,-109.5625,163332096.0,130121728.0,167264256.0,21774336.0,6.57,-2.33,1.87,-6.66,6.77,-2.41
1029,1271.54,7,0.12,3.99,-1.6,39.5,-24.375,1.25,-3.7177777777777776,1.61,-4.8133333333333335,344.75,-44.9375,-109.1875,164773888.0,123191296.0,171016192.0,21970944.0,7.05,-2.55,0.68,-6.93,6.54,-2.28
1030,1282.031,10,0.11,3.7,-2.32,39.5,-24.375,1.25,-3.5455555555555556,2.1244444444444444,-4.1755555555555555,344.25,-46.75,-109.1875,165494784.0,116752384.0,174686208.0,22822912.0,7.26,-2.63,-0.11,-7.14,6.34,-2.2
1031,1292.144,10,0.19,3.36,-2.96,39.5,-24.375,1.25,-3.3377777777777777,2.6555555555555554,-3.4833333333333334,343.25,-48.0625,-109.5,165462016.0,110903296.0,178290688.0,24313856.0,7.49,-2.81,-0.76,-7.29,6.17,-2.19
1032,1302.102,9,0.3,3.1,-3.57,39.5,-24.375,1.25,-2.9444444444444446,3.1255555555555556,-2.7244444444444444,341.8125,-48.875,-110.3125,164642816.0,105889792.0,181796864.0,26312704.0,7.69,-2.94,-1.33,-7.38,6.04,-2.24
1033,1313.8339999999998,11,0.31,3.27,-4.54,47.6875,-13.1875,2.5625,-2.4455555555555555,3.4966666666666666,-1.8922222222222222,340.0,-49.125,-111.4375,163037184.0,101875712.0,185122816.0,28704768.0,7.73,-2.69,-2.19,-7.41,5.96,-2.34
1034,1321.277,7,-0.14,3.49,-5.03,47.6875,-13.1875,2.5625,-2.0655555555555556,3.7622222222222224,-0.9822222222222222,337.75,-48.875,-112.75,160841728.0,98877440.0,188186624.0,31571968.0,7.24,-2.44,-2.53,-7.38,5.94,-2.49
1035,1332.1000000000001,10,-0.37,3.84,-5.86,47.6875,-13.1875,2.5625,-1.8077777777777777,3.94,0.015555555555555555,335.0,-48.0,-113.9375,158121984.0,96894976.0,190889984.0,35045376.0,6.91,-2.14,-3.19,-7.29,5.99,-2.66
1036,1342.1680000000001,10,-0.84,4.32,-6.7,47.6875,-13.1875,2.5625,-1.5888888888888888,4.004444444444444,1.1122222222222222,331.625,-46.5625,-115.0,155009024.0,96026624.0,193069056.0,39157760.0,6.28,-1.78,-3.85,-7.12,6.1,-2.84
1037,1352.117,9,-1.79,4.93,-6.81,47.6875,-13.1875,2.5625,-1.3855555555555557,3.9144444444444444,2.2577777777777777,327.6875,-44.5,-115.625,151584768.0,96321536.0,194625536.0,43859968.0,5.08,-1.36,-3.78,-6.88,6.29,-3.02
1038,1364.066,11,-2.7,5.64,-6.91,49.0625,-7.0,9.5,-1.3877777777777778,3.6822222222222223,3.382222222222222,323.1875,-42.0,-115.8125,148062208.0,97648640.0,195379200.0,49250304.0,3.85,-0.9,-3.73,-6.56,6.55,-3.17
1039,1371.218,7,-2.67,6.19,-7.18,49.0625,-7.0,9.5,-1.718888888888889,3.331111111111111,4.414444444444444,318.0,-39.0625,-115.4375,144687104.0,99729408.0,195198976.0,55476224.0,3.5,-0.68,-3.9,-6.18,6.87,-3.27
1040,1382.142,10,-1.77,5.46,-7.75,49.0625,-7.0,9.5,-2.2288888888888887,2.878888888888889,5.28,312.3125,-35.75,-114.375,141606912.0,102285312.0,193986560.0,62504960.0,3.96,-1.77,-4.47,-5.73,7.24,-3.28
1041,1392.252,10,-0.89,5.29,-8.07,49.0625,-7.0,9.5,-2.6344444444444446,2.3255555555555554,5.93,306.4375,-32.3125,-112.8125,138919936.0,105234432.0,191791104.0,70025216.0,4.35,-2.33,-4.85,-5.24,7.63,-3.21
1042,1402.188,9,-0.09,5.65,-8.78,49.0625,-7.0,9.5,-2.8355555555555556,1.7166666666666666,6.428888888888889,300.6875,-28.6875,-111.0,136544256.0,108576768.0,188661760.0,77660160.0,4.61,-2.36,-5.69,-4.71,8.02,-3.08
1043,1414.164,11,0.35,7.3,-9.24,43.5,-11.5,15.0,-2.7333333333333334,1.1111111111111112,6.931111111111111,295.25,-24.9375,-109.1875,134316032.0,112541696.0,184680448.0,85131264.0,4.5,-1.09,-6.32,-4.14,8.39,-2.92
1044,1421.299,7,-0.11,9.2,-9.58,43.5,-11.5,15.0,-2.296666666666667,0.5655555555555556,7.557777777777778,290.0625,-20.9375,-107.5,131891200.0,117391360.0,179929088.0,92209152.0,3.4,0.47,-6.83,-3.51,8.73,-2.75
1045,1432.152,10,-0.97,10.27,-9.99,43.5,-11.5,15.0,-1.7733333333333334,0.15555555555555556,8.276666666666667,285.0,-16.625,-106.125,129024000.0,123191296.0,174505984.0,98926592.0,1.84,1.25,-7.37,-2.81,9.02,-2.61
1046,1442.193,10,-1.78,10.46,-10.31,43.5,-11.5,15.0,-1.221111111111111,-0.06222222222222222,8.926666666666666,280.0,-11.9375,-105.125,125485056.0,129744896.0,168509440.0,105267200.0,0.25,1.2,-7.8,-2.03,9.25,-2.5
1047,1452.235,10,-2.7,10.51,-11.02,43.5,-11.5,15.0,-0.4866666666666667,-0.07444444444444444,9.3,274.9375,-7.0625,-104.625,121077760.0,136806400.0,162332672.0,111050752.0,-1.49,1.09,-8.56,-1.21,9.41,-2.46
1048,1463.942,11,-3.04,10.28,-10.95,35.75,-26.25,14.5625,0.5811111111111111,0.056666666666666664,9.227777777777778,269.875,-2.1875,-104.8125,115671040.0,144097280.0,156516352.0,115834880.0,-2.66,0.81,-8.44,-0.38,9.47,-2.51
1049,1471.856,7,-1.59,10.23,-10.68,35.75,-26.25,14.5625,2.2,0.21555555555555556,8.583333333333334,265.0625,2.25,-106.0,109182976.0,151437312.0,151830528.0,118964224.0,-1.98,0.81,-7.97,0.39,9.41,-2.71
1050,1482.262,10,1.33,13.32,-8.65,35.75,-26.25,14.5625,3.776666666666667,0.3022222222222222,7.312222222222222,260.625,6.125,-108.125,102039552.0,158367744.0,148750336.0,120160256.0,0.28,4.06,-5.6,1.04,9.26,-3.04
1051,1492.2839999999999,10,-0.52,16.2,-6.97,35.75,-26.25,14.5625,4.541111111111111,0.12111111111111111,5.657777777777778,257.0,9.0,-110.75,95240192.0,164413440.0,147062784.0,119701504.0,-2.06,7.15,-3.53,1.54,9.05,-3.43
1052,1502.294,10,-2.8,19.34,-5.77,35.75,-26.25,14.5625,4.256666666666667,-0.4444444444444444,4.022222222222222,254.5,10.9375,-113.25,89899008.0,169328640.0,146079744.0,118161408.0,-4.67,10.5,-1.97,1.87,8.84,-3.8
1053,1514.2230000000002,11,-3.91,20.4,-5.25,21.5625,-38.5625,13.75,2.898888888888889,-1.3588888888888888,2.6644444444444444,253.625,12.0,-115.125,86999040.0,173146112.0,144949248.0,116162560.0,-5.96,11.72,-1.18,2.04,8.68,-4.07
1054,1521.664,7,-2.78,19.04,-5.54,21.5625,-38.5625,13.75,1.2922222222222222,-2.491111111111111,1.4055555555555554,254.6875,12.0625,-116.125,86867968.0,176013312.0,143474688.0,113803264.0,-4.84,10.44,-1.32,2.05,8.6,-4.22
1055,1532.252,10,-2.53,18.66,-5.85,21.5625,-38.5625,13.75,-0.18222222222222223,-3.598888888888889,-0.012222222222222223,257.75,11.1875,-116.375,89473024.0,177848320.0,141869056.0,110886912.0,-4.44,10.05,-1.57,1.91,8.61,-4.28
1056,1542.313,10,-2.2,18.57,-5.84,21.5625,-38.5625,13.75,-1.2044444444444444,-4.473333333333334,-1.541111111111111,262.625,9.375,-116.0625,94289920.0,178601984.0,140607488.0,107233280.0,-3.81,9.88,-1.58,1.6,8.68,-4.25
1057,1552.2769999999998,9,-1.33,18.41,-5.5,21.5625,-38.5625,13.75,-1.8122222222222222,-5.044444444444444,-3.0033333333333334,268.8125,6.75,-115.3125,100696064.0,178274304.0,139902976.0,102776832.0,-2.49,9.61,-1.32,1.15,8.79,-4.17
1058,1564.41,12,0.31,18.01,-4.25,14.0625,-39.6875,19.875,-2.247777777777778,-5.348888888888889,-4.283333333333333,275.8125,3.375,-114.25,108183552.0,176865280.0,139788288.0,97632256.0,-0.27,9.09,-0.22,0.58,8.92,-4.02
1059,1571.7440000000001,7,0.26,17.85,-3.78,14.0625,-39.6875,19.875,-2.6066666666666665,-5.482222222222222,-5.357777777777778,283.375,-0.4375,-112.875,116408320.0,174374912.0,140165120.0,91947008.0,0.33,8.82,0.03,-0.07,9.03,-3.81
1060,1582.24,10,-0.14,17.58,-3.36,14.0625,-39.6875,19.875,-2.897777777777778,-5.512222222222222,-6.216666666666667,291.0625,-4.6875,-111.25,125091840.0,170885120.0,140886016.0,85786624.0,0.66,8.47,0.17,-0.8,9.1,-3.54
1061,1592.3220000000001,10,-1.12,16.3,-2.54,14.0625,-39.6875,19.875,-3.118888888888889,-5.47,-6.91,298.75,-9.25,-109.375,133971968.0,166477824.0,141819904.0,79249408.0,0.45,7.17,0.67,-1.58,9.12,-3.21
1062,1602.253,9,-1.26,15.47,-2.25,14.0625,-39.6875,19.875,-3.161111111111111,-5.387777777777778,-7.5055555555555555,306.25,-14.0625,-107.3125,142770176.0,161267712.0,142983168.0,72269824.0,1.12,6.39,0.57,-2.38,9.07,-2.83
1063,1613.897,11,-1.0,14.65,-1.8,23.5,-38.25,10.5,-3.0877777777777777,-5.254444444444444,-8.027777777777779,313.5625,-19.0625,-105.1875,151289856.0,155336704.0,144359424.0,64815104.0,2.19,5.7,0.62,-3.2,8.94,-2.43
1064,1621.2839999999999,7,-1.43,13.92,-1.23,23.5,-38.25,10.5,-3.0566666666666666,-5.076666666666667,-8.487777777777778,320.625,-24.1875,-102.9375,159449088.0,148701184.0,145850368.0,56999936.0,2.58,5.21,0.76,-4.02,8.71,-2.0
1065,1632.2259999999999,10,-3.07,12.22,-0.27,23.5,-38.25,10.5,-3.02,-4.871111111111111,-8.866666666666667,327.375,-29.4375,-100.4375,167149568.0,141410304.0,147423232.0,48873472.0,1.75,3.82,1.28,-4.82,8.39,-1.55
1066,1642.2810000000002,10,-3.69,11.05,0.02,23.5,-38.25,10.5,-2.94,-4.647777777777778,-9.163333333333334,333.8125,-34.75,-97.75,174276608.0,133562368.0,149012480.0,40468480.0,1.9,3.07,1.11,-5.59,7.97,-1.09
1067,1652.265,9,-4.05,10.09,0.2,23.5,-38.25,10.5,-2.743333333333333,-4.403333333333333,-9.391111111111112,340.0,-40.125,-94.875,180715520.0,125337600.0,150601728.0,31801344.0,2.26,2.62,0.84,-6.32,7.46,-0.64
1068,1663.909,11,-4.57,7.75,0.97,36.5,-28.25,-2.375,-2.5166666666666666,-4.108888888888889,-9.572222222222223,345.9375,-45.4375,-91.75,186351616.0,116785152.0,152190976.0,22904832.0,2.42,0.87,1.18,-6.99,6.87,-0.21
1069,1671.392,7,-4.95,6.69,1.24,36.5,-28.25,-2.375,-2.161111111111111,-3.7866666666666666,-9.697777777777778,351.75,-50.75,-88.25,191102976.0,108134400.0,153796608.0,13762560.0,2.64,0.49,1.05,-7.59,6.2,0.18
1070,1683.931,12,-5.42,5.54,1.54,36.5,-28.25,-2.375,-1.788888888888889,-3.417777777777778,-9.733333333333333,357.3125,-55.875,-84.3125,194920448.0,99500032.0,155385856.0,4472832.0,2.69,0.07,1.0,-8.12,5.46,0.54
1071,1695.3229999999999,11,-5.72,4.41,1.77,36.5,-28.25,-2.375,-1.4377777777777778,-3.008888888888889,-9.646666666666667,2.75,-60.875,-79.75,197787648.0,91013120.0,156942336.0,-4816896.0,2.84,-0.27,0.93,-8.56,4.69,0.84
1072,1703.2830000000001,7,-6.11,3.1,1.73,36.5,-28.25,-2.375,-1.1422222222222222,-2.5766666666666667,-9.454444444444444,7.9375,-65.5625,-74.0625,199770112.0,82739200.0,158466048.0,-13942784.0,2.81,-0.79,0.62,-8.93,3.89,1.1
1073,1714.164,10,-5.98,1.98,1.79,44.6875,-8.5625,-12.0625,-0.9788888888888889,-2.1244444444444444,-9.142222222222221,12.875,-69.875,-66.8125,200949760.0,74711040.0,159940608.0,-22691840.0,3.22,-1.11,0.47,-9.2,3.09,1.32
1074,1721.809,7,-5.71,1.48,1.54,44.6875,-8.5625,-12.0625,-0.8288888888888889,-1.691111111111111,-8.755555555555556,17.5,-73.6875,-57.0625,201408512.0,67010560.0,161382400.0,-30998528.0,3.69,-0.82,0.04,-9.41,2.31,1.49
1075,1732.45,10,-4.59,-0.05,1.72,44.6875,-8.5625,-12.0625,-0.7744444444444445,-1.2733333333333334,-8.34,21.75,-76.75,-43.625,201228288.0,59637760.0,162791424.0,-38764544.0,4.95,-1.6,0.09,-9.54,1.54,1.62
1076,1742.315,9,-4.21,-0.86,1.9,44.6875,-8.5625,-12.0625,-0.74,-0.8988888888888888,-7.905555555555556,25.8125,-78.8125,-25.4375,200540160.0,52609024.0,164200448.0,-45973504.0,5.4,-1.68,0.18,-9.62,0.81,1.71
1077,1752.2359999999999,9,-3.85,-1.72,2.0,44.6875,-8.5625,-12.0625,-0.7155555555555555,-0.5866666666666667,-7.47,29.5625,-79.5625,-3.9375,199426048.0,45957120.0,165560320.0,-52641792.0,5.79,-1.84,0.23,-9.64,0.12,1.77
1078,1763.995,11,-3.44,-2.49,2.17,42.5,10.0625,-15.75,-0.7111111111111111,-0.3388888888888889,-7.062222222222222,33.0625,-78.9375,16.5625,197967872.0,39616512.0,166854656.0,-58818560.0,6.17,-1.95,0.37,-9.62,-0.53,1.8
1079,1771.658,7,-2.47,-4.38,2.53,42.5,10.0625,-15.75,-0.7611111111111111,-0.14444444444444443,-6.676666666666667,36.375,-77.3125,32.625,196247552.0,33538048.0,168099840.0,-64487424.0,7.09,-3.22,0.73,-9.56,-1.15,1.8
1080,1782.265,10,-2.23,-5.18,2.97,42.5,10.0625,-15.75,-0.8766666666666667,-0.022222222222222223,-6.31,39.375,-75.1875,44.125,194396160.0,27672576.0,169279488.0,-69632000.0,7.24,-3.43,1.17,-9.48,-1.74,1.79
1081,1792.3,10,-1.84,-5.72,2.92,42.5,10.0625,-15.75,-1.0277777777777777,0.0077777777777777776,-5.927777777777778,42.1875,-72.75,52.1875,192479232.0,21938176.0,170328064.0,-74252288.0,7.52,-3.43,1.14,-9.36,-2.29,1.77
1082,1802.246,9,-0.71,-6.96,2.44,42.5,10.0625,-15.75,-1.2333333333333334,-0.0044444444444444444,-5.483333333333333,44.625,-70.3125,57.9375,190611456.0,16367616.0,171278336.0,-78249984.0,8.52,-4.16,0.69,-9.23,-2.79,1.74
1083,1814.221,11,-0.22,-7.94,1.96,36.375,24.6875,-15.0,-1.42,-0.02,-4.921111111111111,46.6875,-68.0,62.25,188858368.0,11059200.0,172113920.0,-81526784.0,8.86,-4.69,0.25,-9.09,-3.25,1.7
1084,1821.403,7,0.5,-8.62,1.33,36.375,24.6875,-15.0,-1.4277777777777778,-0.014444444444444444,-4.216666666666667,48.375,-65.9375,65.375,187269120.0,6324224.0,172834816.0,-84115456.0,9.46,-4.98,-0.32,-8.95,-3.63,1.66
1085,1832.319,10,1.19,-9.73,0.72,36.375,24.6875,-15.0,-1.291111111111111,0.04555555555555556,-3.3233333333333333,49.625,-64.25,67.6875,185909248.0,2473984.0,173473792.0,-85999616.0,10.03,-5.79,-0.88,-8.83,-3.93,1.61
1086,1842.366,10,1.8,-12.07,0.43,36.375,24.6875,-15.0,-0.9477777777777778,0.15888888888888889,-2.1955555555555555,50.4375,-63.1875,69.25,184877056.0,-114688.0,174014464.0,-87162880.0,10.56,-7.93,-1.13,-8.75,-4.13,1.56
1087,1852.357,9,1.9,-11.45,0.77,36.375,24.6875,-15.0,-0.32222222222222224,0.3022222222222222,-0.7888888888888889,50.8125,-62.8125,70.0,184303616.0,-917504.0,174407680.0,-87588864.0,10.63,-7.25,-0.75,-8.72,-4.2,1.52
1088,1864.3039999999999,11,2.13,-10.77,1.22,27.75,33.1875,-14.5625,0.03888888888888889,0.5344444444444445,0.9877777777777778,50.375,-63.4375,70.1875,184270848.0,147456.0,174866432.0,-86753280.0,10.91,-6.65,-0.25,-8.77,-4.12,1.48
1089,1871.456,7,1.34,-9.79,0.88,27.75,33.1875,-14.5625,-0.034444444444444444,0.85,3.16,48.8125,-65.1875,69.875,184844288.0,3096576.0,175603712.0,-83935232.0,10.25,-5.94,-0.52,-8.9,-3.85,1.41
1090,1882.288,10,0.78,-8.28,0.07,27.75,33.1875,-14.5625,-0.1288888888888889,1.1922222222222223,5.627777777777778,45.9375,-68.3125,68.875,186023936.0,8159232.0,176553984.0,-78839808.0,9.9,-4.9,-1.23,-9.11,-3.37,1.3
1091,1892.4,10,-0.02,-6.62,-0.45,27.75,33.1875,-14.5625,-0.09666666666666666,1.5322222222222222,8.246666666666666,41.625,-72.75,66.25,187678720.0,15548416.0,177487872.0,-71352320.0,9.34,-3.97,-1.61,-9.36,-2.65,1.16
1092,1902.337,9,-0.63,-3.7,-0.82,27.75,33.1875,-14.5625,0.03111111111111111,1.818888888888889,10.875555555555556,35.875,-78.5,59.0,189562880.0,25329664.0,178044928.0,-61472768.0,8.97,-2.03,-1.82,-9.61,-1.67,1.0
1093,1914.051,11,-1.59,3.46,-1.78,27.375,34.0,-12.5,-0.15333333333333332,2.0411111111111113,13.414444444444445,28.625,-84.5625,2.5625,191381504.0,37060608.0,177946624.0,-48906240.0,8.16,3.89,-2.59,-9.76,-0.43,0.81
1094,1921.295,7,-0.76,8.97,-2.15,27.375,34.0,-12.5,-0.7633333333333333,2.1433333333333335,15.837777777777777,19.625,-82.9375,-58.875,192823296.0,50102272.0,176766976.0,-33390592.0,8.96,7.95,-2.77,-9.73,1.02,0.61
1095,1932.277,10,0.5,15.55,-1.81,27.375,34.0,-12.5,-1.8477777777777777,2.046666666666667,18.212222222222223,8.625,-73.9375,-80.125,193691648.0,63782912.0,173948928.0,-14614528.0,9.92,12.88,-2.28,-9.42,2.67,0.46
1096,1942.344,10,0.97,24.18,0.35,27.375,34.0,-12.5,-3.6233333333333335,1.6255555555555556,20.435555555555556,355.4375,-63.0625,-84.1875,193921024.0,77086720.0,168673280.0,7651328.0,9.72,19.77,-0.09,-8.74,4.41,0.44
1097,1952.306,9,-1.16,23.24,2.82,27.375,34.0,-12.5,-5.511111111111111,0.6644444444444444,22.074444444444445,340.9375,-51.1875,-83.6875,193478656.0,89145344.0,160071680.0,32456704.0,6.47,17.13,2.15,-7.64,6.1,0.66
1098,1964.338,12,-0.61,14.26,3.05,44.0625,15.6875,-7.5625,-6.428888888888889,-0.8322222222222222,22.345555555555556,326.8125,-39.0625,-81.375,192217088.0,99745792.0,147947520.0,57196544.0,5.57,6.74,1.91,-6.18,7.52,1.14
1099,1971.917,7,5.51,17.32,0.23,44.0625,15.6875,-7.5625,-5.727777777777778,-2.2355555555555555,20.30666666666667,315.1875,-28.0,-78.6875,190021632.0,108855296.0,134037504.0,78299136.0,10.13,8.83,-1.45,-4.61,8.48,1.69
1100,1982.3319999999999,10,1.77,14.88,-1.37,44.0625,15.6875,-7.5625,-5.84,-2.3966666666666665,16.086666666666666,306.375,-19.25,-75.8125,187957248.0,114327552.0,120979456.0,94994432.0,5.0,5.9,-3.64,-3.23,8.97,2.26
1101,1992.398,10,-1.11,15.59,-0.8,44.0625,15.6875,-7.5625,-5.251111111111111,-1.3355555555555556,10.325555555555555,300.625,-13.625,-73.1875,186630144.0,115998720.0,111640576.0,106332160.0,1.19,6.47,-3.55,-2.31,9.12,2.75
1102,2002.4700000000003,10,-0.31,15.93,0.93,44.0625,15.6875,-7.5625,-1.3377777777777777,0.19111111111111112,5.176666666666667,297.625,-10.9375,-72.6875,184598528.0,117424128.0,108249088.0,111706112.0,1.55,6.74,-1.93,-1.86,9.19,2.86
1103,2014.44,11,-0.52,19.39,1.28,35.75,-24.5,-15.875,3.3722222222222222,1.518888888888889,1.0977777777777777,296.6875,-10.625,-74.6875,181321728.0,120127488.0,110739456.0,111771648.0,1.28,10.09,-1.26,-1.81,9.29,2.54
1104,2021.725,7,0.04,23.65,4.37,35.75,-24.5,-15.875,5.785555555555556,2.091111111111111,-1.6966666666666668,297.1875,-11.75,-78.0,177733632.0,123043840.0,116523008.0,108396544.0,2.05,14.26,2.38,-2.0,9.39,1.99
1105,2032.308,10,-0.81,23.8,5.31,35.75,-24.5,-15.875,5.461111111111111,1.8366666666666667,-3.2655555555555558,298.75,-13.6875,-81.125,175112192.0,124846080.0,122732544.0,103645184.0,1.51,14.38,3.85,-2.32,9.41,1.46
1106,2042.3529999999998,10,-2.41,22.17,5.21,35.75,-24.5,-15.875,3.5722222222222224,1.0633333333333332,-3.8455555555555554,300.75,-15.875,-83.125,174211072.0,125009920.0,127614976.0,98959360.0,0.27,12.81,4.09,-2.68,9.36,1.12
1107,2052.3669999999997,10,-4.99,17.86,4.66,35.75,-24.5,-15.875,0.9977777777777778,0.16444444444444445,-3.741111111111111,302.875,-17.875,-83.625,175259648.0,123469824.0,130433024.0,95338496.0,-1.97,8.59,3.63,-3.01,9.27,1.02
1108,2064.37,12,-5.16,15.35,3.76,31.375,-33.5,-13.0,-1.1288888888888888,-0.7155555555555555,-3.2466666666666666,304.8125,-19.625,-82.8125,177799168.0,120815616.0,131203072.0,92897280.0,-1.86,6.18,2.61,-3.29,9.16,1.14
1109,2071.555,7,-5.15,13.52,3.01,31.375,-33.5,-13.0,-2.3722222222222222,-1.4577777777777778,-2.6066666666666665,306.5,-20.875,-81.1875,181190656.0,117817344.0,130400256.0,91324416.0,-1.64,4.46,1.61,-3.5,9.05,1.4
1110,2082.337,10,-4.51,11.99,2.22,31.375,-33.5,-13.0,-2.87,-1.9388888888888889,-2.013333333333333,307.9375,-21.8125,-79.125,184844288.0,114917376.0,128598016.0,90275840.0,-0.87,3.05,0.51,-3.64,8.94,1.71
1111,2092.421,10,-4.47,8.81,1.49,31.375,-33.5,-13.0,-2.9633333333333334,-2.0855555555555556,-1.5722222222222222,309.125,-22.375,-77.0,188383232.0,112230400.0,126320640.0,89538560.0,-0.73,-0.01,-0.53,-3.74,8.83,2.03
1112,2102.439,10,-4.77,8.19,1.22,31.375,-33.5,-13.0,-2.698888888888889,-1.9388888888888889,-1.3055555555555556,310.125,-22.8125,-75.0,191512576.0,109838336.0,124108800.0,88948736.0,-0.96,-0.53,-1.1,-3.81,8.73,2.32
1113,2114.529,12,-4.75,7.86,0.97,34.6875,-29.0,-11.6875,-2.223333333333333,-1.55,-1.15,311.0,-23.1875,-73.375,194052096.0,107773952.0,122355712.0,88391680.0,-0.88,-0.77,-1.59,-3.86,8.63,2.56
1114,2121.674,7,-4.01,7.47,0.99,34.6875,-29.0,-11.6875,-1.7122222222222223,-1.0155555555555555,-1.0455555555555556,311.625,-23.5625,-72.1875,195952640.0,106020864.0,121225216.0,87900160.0,-0.08,-1.08,-1.75,-3.92,8.55,2.74
1115,2132.406,10,-3.74,7.65,1.27,34.6875,-29.0,-11.6875,-1.15,-0.43,-0.9611111111111111,312.125,-24.0,-71.375,197165056.0,104562688.0,120832000.0,87441408.0,0.24,-0.83,-1.58,-3.99,8.48,2.85
1116,2142.467,10,-3.57,7.89,1.67,34.6875,-29.0,-11.6875,-0.5688888888888889,0.10555555555555556,-0.8755555555555555,312.5,-24.5,-71.0,197754880.0,103481344.0,121126912.0,87015424.0,0.49,-0.54,-1.22,-4.06,8.43,2.89
1117,2152.409,9,-3.32,8.03,2.13,34.6875,-29.0,-11.6875,-0.06444444444444444,0.5377777777777778,-0.7888888888888889,312.6875,-25.0,-71.0625,197804032.0,102744064.0,121995264.0,86573056.0,0.82,-0.37,-0.75,-4.14,8.4,2.88
1118,2164.056,11,-3.07,8.51,2.51,32.5,-25.5625,-17.75,0.30333333333333334,0.84,-0.71,312.8125,-25.5,-71.375,197459968.0,102268928.0,123256832.0,86130688.0,1.14,0.12,-0.31,-4.22,8.38,2.82
1119,2171.5589999999997,7,-3.23,8.62,2.77,32.5,-25.5625,-17.75,0.5522222222222222,1.011111111111111,-0.6333333333333333,312.9375,-26.0,-71.875,196853760.0,102006784.0,124731392.0,85704704.0,1.06,0.25,0.03,-4.3,8.37,2.74
1120,2182.444,10,-3.45,8.77,2.93,32.5,-25.5625,-17.75,0.6833333333333333,1.0622222222222222,-0.5488888888888889,312.9375,-26.4375,-72.4375,196116480.0,101875712.0,126271488.0,85295104.0,0.92,0.4,0.29,-4.37,8.36,2.64
1121,2192.522,10,-3.88,9.0,2.99,32.5,-25.5625,-17.75,0.6722222222222223,1.0233333333333334,-0.4688888888888889,312.9375,-26.875,-73.0625,195362816.0,101810176.0,127713280.0,84951040.0,0.55,0.63,0.44,-4.43,8.36,2.54
1122,2202.422,9,-4.03,8.92,2.92,32.5,-25.5625,-17.75,0.5044444444444445,0.9311111111111111,-0.39555555555555555,312.9375,-27.25,-73.5625,194707456.0,101662720.0,128974848.0,84721664.0,0.46,0.56,0.45,-4.49,8.36,2.46
1123,2214.053,11,-4.06,8.77,2.75,36.6875,-23.75,-15.75,0.24666666666666667,0.8133333333333334,-0.34,312.875,-27.5,-73.875,194215936.0,101351424.0,129990656.0,84656128.0,0.47,0.42,0.34,-4.53,8.35,2.41
1124,2222.025,7,-4.03,8.52,2.48,36.6875,-23.75,-15.75,-0.02666666666666667,0.6933333333333334,-0.30777777777777776,312.75,-27.8125,-74.0,193921024.0,100859904.0,130760704.0,84721664.0,0.54,0.18,0.1,-4.57,8.33,2.38
1125,2232.45,10,-4.14,8.25,2.07,36.6875,-23.75,-15.75,-0.2577777777777778,0.5911111111111111,-0.28444444444444444,312.625,-28.0,-74.0,193789952.0,100204544.0,131350528.0,84901888.0,0.46,-0.06,-0.3,-4.61,8.32,2.37
1126,2242.489,10,-4.22,8.02,2.05,36.6875,-23.75,-15.75,-0.44555555555555554,0.5177777777777778,-0.26222222222222225,312.5,-28.25,-73.875,193789952.0,99418112.0,131760128.0,85180416.0,0.42,-0.27,-0.33,-4.64,8.29,2.39
1127,2252.4829999999997,9,-4.27,7.88,1.91,36.6875,-23.75,-15.75,-0.5677777777777778,0.45666666666666667,-0.24333333333333335,312.375,-28.4375,-73.6875,193871872.0,98566144.0,132071424.0,85524480.0,0.39,-0.39,-0.49,-4.67,8.27,2.41
1128,2264.4829999999997,12,-4.13,7.35,1.61,37.0625,-23.375,-14.6875,-0.6133333333333333,0.41888888888888887,-0.21777777777777776,312.1875,-28.625,-73.4375,193986560.0,97681408.0,132317184.0,85901312.0,0.56,-0.89,-0.83,-4.7,8.25,2.44
1129,2272.088,7,-4.07,7.14,1.56,37.0625,-23.375,-14.6875,-0.5822222222222222,0.39444444444444443,-0.20444444444444446,312.0625,-28.8125,-73.25,194084864.0,96862208.0,132530176.0,86261760.0,0.65,-1.08,-0.9,-4.72,8.22,2.47
1130,2282.5370000000003,10,-4.06,6.99,1.5,37.0625,-23.375,-14.6875,-0.47555555555555556,0.36333333333333334,-0.19666666666666666,311.9375,-28.9375,-73.0625,194150400.0,96141312.0,132759552.0,86556672.0,0.68,-1.2,-0.99,-4.75,8.2,2.49
1131,2292.582,10,-4.13,6.83,1.55,37.0625,-23.375,-14.6875,-0.34555555555555556,0.3488888888888889,-0.1988888888888889,311.8125,-29.125,-72.9375,194183168.0,95551488.0,133038080.0,86753280.0,0.64,-1.35,-0.95,-4.77,8.19,2.5
1132,2302.5280000000002,9,-4.14,6.74,1.58,37.0625,-23.375,-14.6875,-0.23777777777777778,0.34,-0.2011111111111111,311.75,-29.25,-72.9375,194150400.0,95059968.0,133332992.0,86867968.0,0.65,-1.43,-0.92,-4.79,8.17,2.5
1133,2314.5159999999996,11,-4.25,6.65,1.65,40.375,-21.875,-14.0625,-0.18555555555555556,0.35444444444444445,-0.2,311.6875,-29.4375,-72.875,194101248.0,94617600.0,133677056.0,86966272.0,0.56,-1.51,-0.84,-4.82,8.16,2.5
1134,2321.7180000000003,7,-4.41,6.6,1.69,40.375,-21.875,-14.0625,-0.16666666666666666,0.36777777777777776,-0.18666666666666668,311.625,-29.5625,-72.875,194002944.0,94191616.0,134037504.0,87064576.0,0.42,-1.54,-0.8,-4.84,8.15,2.5
1135,2332.463,10,-4.72,6.61,1.65,40.375,-21.875,-14.0625,-0.15666666666666668,0.37666666666666665,-0.15222222222222223,311.5625,-29.75,-72.9375,193904640.0,93798400.0,134381568.0,87179264.0,0.13,-1.52,-0.83,-4.86,8.13,2.49
1136,2342.5919999999996,10,-4.93,6.62,1.69,40.375,-21.875,-14.0625,-0.16666666666666666,0.3655555555555556,-0.09888888888888889,311.4375,-29.8125,-72.9375,193789952.0,93421568.0,134692864.0,87359488.0,-0.05,-1.5,-0.8,-4.88,8.13,2.49
1137,2352.515,9,-5.19,6.64,1.79,40.375,-21.875,-14.0625,-0.17444444444444446,0.3377777777777778,-0.01888888888888889,311.3125,-29.875,-72.9375,193658880.0,93110272.0,134938624.0,87605248.0,-0.3,-1.48,-0.69,-4.89,8.12,2.49
1138,2364.52,12,-5.46,6.72,1.88,37.0,-21.5625,-13.5,-0.17555555555555555,0.28888888888888886,0.07222222222222222,311.125,-29.875,-72.9375,193511424.0,92880896.0,135102464.0,87916544.0,-0.56,-1.39,-0.6,-4.89,8.12,2.49
1139,2371.6279999999997,7,-5.7,6.77,1.92,37.0,-21.5625,-13.5,-0.19666666666666666,0.2311111111111111,0.17666666666666667,310.875,-29.875,-72.9375,193380352.0,92717056.0,135151616.0,88309760.0,-0.81,-1.34,-0.56,-4.88,8.12,2.49
1140,2382.542,10,-5.61,6.86,2.02,37.0,-21.5625,-13.5,-0.2311111111111111,0.17333333333333334,0.2688888888888889,310.625,-29.75,-72.875,193249280.0,92602368.0,135102464.0,88784896.0,-0.74,-1.27,-0.47,-4.86,8.13,2.5
1141,2392.598,10,-5.55,6.87,2.14,37.0,-21.5625,-13.5,-0.2511111111111111,0.1111111111111111,0.34555555555555556,310.3125,-29.5625,-72.8125,193150976.0,92536832.0,134955008.0,89309184.0,-0.71,-1.26,-0.37,-4.84,8.14,2.51
1142,2402.596,9,-5.55,7.21,2.52,37.0,-21.5625,-13.5,-0.24333333333333335,0.051111111111111114,0.4022222222222222,310.0625,-29.375,-72.6875,193052672.0,92553216.0,134709248.0,89866240.0,-0.73,-0.94,-0.01,-4.81,8.15,2.53
1143,2414.482,11,-5.41,7.42,2.68,37.6875,-20.75,-12.6875,-0.24444444444444444,-0.01,0.4211111111111111,309.75,-29.125,-72.625,192987136.0,92602368.0,134430720.0,90406912.0,-0.63,-0.74,0.13,-4.78,8.17,2.55
1144,2421.602,7,-5.37,7.54,2.87,37.6875,-20.75,-12.6875,-0.27666666666666667,-0.057777777777777775,0.4222222222222222,309.5,-28.9375,-72.5,192954368.0,92635136.0,134070272.0,90947584.0,-0.62,-0.64,0.29,-4.74,8.18,2.57
1145,2432.649,11,-5.35,7.69,2.94,37.6875,-20.75,-12.6875,-0.3466666666666667,-0.09555555555555556,0.3988888888888889,309.25,-28.6875,-72.3125,193003520.0,92618752.0,133644288.0,91488256.0,-0.63,-0.49,0.33,-4.71,8.19,2.6
1146,2442.6290000000004,9,-5.32,8.02,3.09,37.6875,-20.75,-12.6875,-0.43666666666666665,-0.1288888888888889,0.36,309.0,-28.5,-72.0625,193118208.0,92504064.0,133185536.0,92028928.0,-0.63,-0.16,0.44,-4.68,8.19,2.64
1147,2452.582,9,-5.26,8.18,3.08,37.6875,-20.75,-12.6875,-0.47888888888888886,-0.15666666666666668,0.31777777777777777,308.8125,-28.3125,-71.8125,193282048.0,92323840.0,132694016.0,92569600.0,-0.61,-0.01,0.39,-4.65,8.2,2.69
1148,2464.659,12,-5.13,8.34,3.07,37.0,-21.875,-13.875,-0.4822222222222222,-0.18,0.2811111111111111,308.625,-28.125,-71.5,193478656.0,92143616.0,132186112.0,93044736.0,-0.5,0.13,0.33,-4.62,8.2,2.73
1149,2472.208,7,-4.99,8.5,3.01,37.0,-21.875,-13.875,-0.43,-0.19111111111111112,0.24666666666666667,308.4375,-27.9375,-71.25,193691648.0,91979776.0,131710976.0,93454336.0,-0.38,0.3,0.23,-4.6,8.19,2.78
1150,2482.52,10,-4.81,8.68,3.01,37.0,-21.875,-13.875,-0.35333333333333333,-0.19111111111111112,0.21,308.3125,-27.8125,-71.0,193871872.0,91881472.0,131284992.0,93798400.0,-0.23,0.48,0.19,-4.58,8.19,2.81
1151,2492.692,10,-4.77,8.74,3.08,37.0,-21.875,-13.875,-0.27444444444444444,-0.17222222222222222,0.1688888888888889,308.25,-27.6875,-70.8125,194019328.0,91799552.0,130924544.0,94044160.0,-0.21,0.54,0.23,-4.56,8.19,2.84
1152,2502.648,9,-4.81,8.81,3.21,37.0,-21.875,-13.875,-0.17777777777777778,-0.14555555555555555,0.12444444444444444,308.1875,-27.625,-70.6875,194134016.0,91783168.0,130662400.0,94208000.0,-0.26,0.61,0.34,-4.55,8.2,2.86
1153,2514.38,11,-4.85,9.07,3.45,37.0,-21.875,-14.6875,-0.1111111111111111,-0.10777777777777778,0.08444444444444445,308.1875,-27.5625,-70.625,194215936.0,91783168.0,130465792.0,94306304.0,-0.31,0.87,0.57,-4.54,8.2,2.88
1154,2522.02,7,-4.81,9.07,3.46,37.0,-21.875,-14.6875,-0.09444444444444444,-0.06888888888888889,0.05,308.125,-27.5,-70.5625,194265088.0,91750400.0,130351104.0,94388224.0,-0.28,0.87,0.57,-4.53,8.2,2.89
1155,2532.585,10,-4.76,9.06,3.43,37.0,-21.875,-14.6875,-0.11777777777777777,-0.028888888888888888,0.025555555555555557,308.125,-27.5,-70.5,194330624.0,91684864.0,130252800.0,94470144.0,-0.23,0.86,0.53,-4.53,8.19,2.9
1156,2542.607,10,-4.7,9.06,3.44,37.0,-21.875,-14.6875,-0.13777777777777778,0.016666666666666666,0.006666666666666667,308.0625,-27.5,-70.4375,194379776.0,91537408.0,130203648.0,94552064.0,-0.17,0.87,0.53,-4.53,8.19,2.91
1157,2552.6,9,-4.69,9.12,3.29,37.0,-21.875,-14.6875,-0.15888888888888889,0.03888888888888889,0.0,308.0625,-27.5,-70.3125,194428928.0,91373568.0,130170880.0,94666752.0,-0.15,0.93,0.37,-4.53,8.19,2.92
1158,2564.7259999999997,12,-4.68,9.06,3.19,35.5625,-23.375,-13.375,-0.18333333333333332,0.06888888888888889,0.0033333333333333335,308.0,-27.5,-70.25,194461696.0,91176960.0,130154496.0,94814208.0,-0.15,0.88,0.25,-4.53,8.18,2.93
1159,2572.651,7,-4.7,8.98,3.18,35.5625,-23.375,-13.375,-0.20777777777777778,0.08666666666666667,0.0077777777777777776,307.875,-27.5,-70.1875,194478080.0,91013120.0,130088960.0,95043584.0,-0.17,0.79,0.23,-4.53,8.18,2.94
1160,2582.839,10,-4.74,8.8,3.03,35.5625,-23.375,-13.375,-0.22,0.10333333333333333,0.0077777777777777776,307.8125,-27.5,-70.0625,194510848.0,90750976.0,130072576.0,95223808.0,-0.2,0.63,0.07,-4.53,8.17,2.95
1161,2592.6420000000003,9,-4.71,8.75,3.0,35.5625,-23.375,-13.375,-0.2111111111111111,0.10555555555555556,-0.0022222222222222222,307.75,-27.5,-70.0,194527232.0,90505216.0,130088960.0,95404032.0,-0.17,0.58,0.03,-4.53,8.17,2.97
1162,2602.672,10,-4.72,8.71,2.99,35.5625,-23.375,-13.375,-0.16666666666666666,0.10888888888888888,-0.01888888888888889,307.6875,-27.5625,-69.9375,194543616.0,90292224.0,130121728.0,95535104.0,-0.18,0.54,0.01,-4.54,8.16,2.97
1163,2615.666,12,-4.68,8.68,2.97,37.75,-22.25,-15.0625,-0.11444444444444445,0.10222222222222223,-0.04555555555555556,307.625,-27.625,-69.875,194527232.0,90095616.0,130187264.0,95633408.0,-0.13,0.52,-0.01,-4.54,8.15,2.98
1164,2622.757,7,-4.66,8.65,2.9,37.75,-22.25,-15.0625,-0.0811111111111111,0.10555555555555556,-0.08,307.625,-27.6875,-69.875,194543616.0,89915392.0,130285568.0,95666176.0,-0.1,0.5,-0.08,-4.55,8.15,2.98
1165,2632.518,9,-4.66,8.61,2.81,37.75,-22.25,-15.0625,-0.08222222222222222,0.11777777777777777,-0.11666666666666667,307.625,-27.75,-69.8125,194560000.0,89718784.0,130416640.0,95649792.0,-0.09,0.47,-0.16,-4.57,8.14,2.98
1166,2643.543,11,-4.62,8.5,2.75,37.75,-22.25,-15.0625,-0.09,0.13111111111111112,-0.1511111111111111,307.625,-27.8125,-69.875,194478080.0,89620480.0,130613248.0,95633408.0,-0.04,0.36,-0.21,-4.58,8.14,2.97
1167,2653.549,10,-4.51,8.37,2.66,37.75,-22.25,-15.0625,-0.07666666666666666,0.15,-0.18555555555555556,307.5625,-27.9375,-70.0,194363392.0,89522176.0,130875392.0,95584256.0,0.07,0.23,-0.29,-4.59,8.14,2.96
1168,2665.888,12,-4.46,8.31,2.6,38.1875,-21.875,-13.875,-0.058888888888888886,0.16333333333333333,-0.20555555555555555,307.375,-28.0625,-69.9375,194166784.0,88981504.0,131284992.0,95928320.0,0.14,0.18,-0.35,-4.61,8.13,2.96
1169,2673.309,7,-4.45,8.27,2.57,38.1875,-21.875,-13.875,-0.03222222222222222,0.17888888888888888,-0.21,307.4375,-28.1875,-70.0,194166784.0,88735744.0,131530752.0,95830016.0,0.18,0.15,-0.37,-4.63,8.12,2.95
1170,2682.926,9,-4.47,8.19,2.56,38.1875,-21.875,-13.875,0.0044444444444444444,0.18666666666666668,-0.20666666666666667,307.5,-28.3125,-70.0,194150400.0,88522752.0,131792896.0,95715328.0,0.18,0.08,-0.38,-4.65,8.11,2.94
1171,2692.6440000000002,9,-4.5,8.15,2.61,38.1875,-21.875,-13.875,0.043333333333333335,0.19777777777777777,-0.1922222222222222,307.5,-28.4375,-70.0625,194084864.0,88342528.0,132071424.0,95600640.0,0.17,0.04,-0.32,-4.67,8.1,2.93
1172,2702.656,10,-4.43,8.1,2.57,38.1875,-21.875,-13.875,0.056666666666666664,0.19777777777777777,-0.17222222222222222,307.5625,-28.5625,-70.125,194019328.0,88211456.0,132349952.0,95485952.0,0.26,0.0,-0.34,-4.69,8.09,2.92
1173,2715.48,12,-4.43,8.05,2.53,37.75,-22.25,-14.6875,0.06222222222222222,0.19444444444444445,-0.15666666666666668,307.5625,-28.6875,-70.1875,193921024.0,88047616.0,132644864.0,95420416.0,0.28,-0.03,-0.37,-4.71,8.09,2.9
1174,2722.758,7,-4.46,7.95,2.42,37.75,-22.25,-14.6875,0.06555555555555556,0.19111111111111112,-0.14333333333333334,307.5625,-28.75,-70.4375,193658880.0,88162304.0,133005312.0,95354880.0,0.26,-0.14,-0.45,-4.72,8.09,2.87
1175,2733.177,10,-4.46,7.99,2.36,37.75,-22.25,-14.6875,0.057777777777777775,0.18888888888888888,-0.12777777777777777,307.5,-28.8125,-70.625,193363968.0,88293376.0,133382144.0,95289344.0,0.26,-0.11,-0.48,-4.73,8.1,2.84
1176,2743.574,10,-4.47,7.92,2.31,37.75,-22.25,-14.6875,0.042222222222222223,0.18888888888888888,-0.10777777777777778,307.4375,-28.875,-70.875,193085440.0,88391680.0,133742592.0,95240192.0,0.26,-0.18,-0.49,-4.73,8.11,2.81
1177,2753.647,10,-4.47,7.88,2.32,37.75,-22.25,-14.6875,0.03111111111111111,0.18444444444444444,-0.07777777777777778,307.375,-28.875,-71.0625,192823296.0,88489984.0,134086656.0,95223808.0,0.27,-0.23,-0.45,-4.74,8.11,2.78
1178,2766.857,13,-4.51,7.87,2.34,37.75,-20.5,-15.0625,0.03333333333333333,0.17333333333333334,-0.03888888888888889,307.375,-28.9375,-71.25,192610304.0,88604672.0,134348800.0,95158272.0,0.23,-0.25,-0.4,-4.74,8.12,2.75
1179,2774.759,7,-4.52,7.89,2.38,37.75,-20.5,-15.0625,0.035555555555555556,0.16,0.006666666666666667,307.3125,-28.9375,-71.375,192380928.0,88686592.0,134594560.0,95191040.0,0.22,-0.23,-0.34,-4.75,8.13,2.73
1180,2783.652,8,-4.51,7.95,2.37,37.75,-20.5,-15.0625,0.03333333333333333,0.14333333333333334,0.04888888888888889,307.25,-28.9375,-71.5,192167936.0,88784896.0,134791168.0,95272960.0,0.23,-0.18,-0.33,-4.74,8.13,2.71
1181,2793.619,9,-4.43,7.9,2.47,37.75,-20.5,-15.0625,0.0077777777777777776,0.12,0.09222222222222222,307.125,-28.875,-71.625,191987712.0,88866816.0,134905856.0,95420416.0,0.3,-0.24,-0.23,-4.74,8.14,2.7
1182,2804.1200000000003,10,-4.47,7.89,2.47,37.75,-20.5,-15.0625,-0.023333333333333334,0.10222222222222223,0.11777777777777777,307.0,-28.8125,-71.6875,191823872.0,88932352.0,134955008.0,95584256.0,0.25,-0.25,-0.21,-4.73,8.15,2.69
1183,2816.738,12,-4.52,7.88,2.46,37.0625,-21.5625,-13.0625,-0.04,0.07888888888888888,0.13444444444444445,306.875,-28.75,-71.6875,191692800.0,88899584.0,134987776.0,95830016.0,0.19,-0.27,-0.22,-4.72,8.15,2.69
1184,2823.846,7,-4.46,7.9,2.45,37.0625,-21.5625,-13.0625,-0.044444444444444446,0.052222222222222225,0.13333333333333333,306.75,-28.6875,-71.6875,191610880.0,88932352.0,134971392.0,95993856.0,0.24,-0.26,-0.23,-4.71,8.16,2.69
1185,2832.935,9,-4.43,7.87,2.47,37.0625,-21.5625,-13.0625,-0.04888888888888889,0.024444444444444446,0.11888888888888889,306.6875,-28.625,-71.6875,191561728.0,88965120.0,134922240.0,96157696.0,0.26,-0.29,-0.22,-4.7,8.16,2.69
1186,2843.515,10,-4.42,7.89,2.48,37.0625,-21.5625,-13.0625,-0.04666666666666667,0.0,0.09222222222222222,306.625,-28.625,-71.6875,191528960.0,88981504.0,134856704.0,96272384.0,0.27,-0.28,-0.21,-4.69,8.17,2.7
1187,2853.49,9,-4.36,7.94,2.43,37.0625,-21.5625,-13.0625,-0.03777777777777778,-0.021111111111111112,0.06333333333333334,306.5625,-28.5625,-71.6875,191528960.0,89014272.0,134791168.0,96337920.0,0.33,-0.23,-0.26,-4.69,8.17,2.7
1188,2866.6369999999997,13,-4.35,8.06,2.53,38.875,-20.75,-13.5,-0.012222222222222223,-0.043333333333333335,0.04111111111111111,306.5625,-28.5,-71.6875,191528960.0,89063424.0,134742016.0,96370688.0,0.33,-0.11,-0.16,-4.68,8.17,2.7
1189,2874.482,7,-4.31,8.1,2.58,38.875,-20.75,-13.5,0.027777777777777776,-0.05555555555555555,0.03,306.5625,-28.5,-71.6875,191528960.0,89161728.0,134676480.0,96370688.0,0.36,-0.07,-0.11,-4.68,8.18,2.7
1190,2883.277,8,-4.3,8.17,2.61,38.875,-20.75,-13.5,0.056666666666666664,-0.06444444444444444,0.03,306.5625,-28.4375,-71.6875,191512576.0,89276416.0,134627328.0,96354304.0,0.36,-0.01,-0.09,-4.67,8.18,2.7
1191,2892.55,9,-4.34,8.24,2.68,38.875,-20.75,-13.5,0.06555555555555556,-0.06444444444444444,0.04,306.5625,-28.4375,-71.6875,191512576.0,89391104.0,134578176.0,96321536.0,0.33,0.05,-0.01,-4.67,8.18,2.7
1192,2902.794,10,-4.35,8.28,2.69,38.875,-20.75,-13.5,0.04666666666666667,-0.06333333333333334,0.05555555555555555,306.5625,-28.375,-71.75,191512576.0,89505792.0,134529024.0,96305152.0,0.31,0.09,0.0,-4.66,8.19,2.7
1193,2915.648,12,-4.35,8.27,2.75,35.875,-21.875,-13.375,0.016666666666666666,-0.06111111111111111,0.07666666666666666,306.5625,-28.3125,-71.75,191512576.0,89604096.0,134430720.0,96321536.0,0.3,0.07,0.05,-4.65,8.19,2.7
1194,2923.308,7,-4.36,8.29,2.73,35.875,-21.875,-13.375,-0.015555555555555555,-0.056666666666666664,0.09555555555555556,306.5,-28.25,-71.6875,191496192.0,89702400.0,134316032.0,96419840.0,0.28,0.09,0.02,-4.64,8.2,2.7
1195,2934.131,10,-4.39,8.25,2.77,35.875,-21.875,-13.375,-0.04666666666666667,-0.051111111111111114,0.12444444444444444,306.4375,-28.1875,-71.6875,191496192.0,89784320.0,134168576.0,96550912.0,0.23,0.05,0.06,-4.63,8.2,2.71
1196,2943.587,9,-4.46,8.27,2.82,35.875,-21.875,-13.375,-0.06888888888888889,-0.051111111111111114,0.14666666666666667,306.375,-28.0625,-71.625,191496192.0,89849856.0,134021120.0,96731136.0,0.15,0.06,0.1,-4.61,8.21,2.72
1197,2953.634,10,-4.48,8.23,2.78,35.875,-21.875,-13.375,-0.09333333333333334,-0.05444444444444444,0.17777777777777778,306.25,-27.9375,-71.5625,191479808.0,89899008.0,133840896.0,96927744.0,0.11,0.02,0.05,-4.6,8.21,2.73
1198,2966.8540000000003,13,-4.51,8.23,2.77,40.0,-21.875,-13.375,-0.10888888888888888,-0.05333333333333334,0.20222222222222222,306.125,-27.875,-71.5,191430656.0,89899008.0,133693440.0,97255424.0,0.06,0.01,0.03,-4.58,8.22,2.74
1199,2974.435,7,-4.51,8.24,2.69,40.0,-21.875,-13.375,-0.1111111111111111,-0.057777777777777775,0.2288888888888889,306.0,-27.75,-71.5,191397888.0,89980928.0,133480448.0,97517568.0,0.04,0.01,-0.06,-4.56,8.23,2.75
1200,2982.886,8,-4.51,8.25,2.64,40.0,-21.875,-13.375,-0.09777777777777778,-0.043333333333333335,0.23666666666666666,305.8125,-27.5625,-71.4375,191365120.0,90062848.0,133300224.0,97779712.0,0.02,0.02,-0.11,-4.54,8.23,2.76
1201,2993.713,10,-4.54,8.26,2.56,40.0,-21.875,-13.375,-0.057777777777777775,-0.03222222222222222,0.24333333333333335,305.6875,-27.4375,-71.4375,191283200.0,90177536.0,133136384.0,98025472.0,-0.02,0.02,-0.19,-4.52,8.24,2.76
1202,0.0,0,-4.75,8.05,7.5,34.25,-18.5625,-27.0625,-1.1688888888888889,-1.7233333333333334,0.5344444444444445,302.9375,-14.5,-52.1875,210485248.0,83083264.0,88064000.0,114409472.0,-2.29,0.55,1.68,-2.45,7.5,5.81
1203,9.186,9,-5.13,7.65,7.65,34.6875,-19.6875,-29.25,-1.1122222222222222,-1.79,0.5088888888888888,303.25,-13.6875,-51.4375,211632128.0,83329024.0,85295104.0,114245632.0,-2.8,0.19,1.72,-2.32,7.45,5.93
1204,16.448999999999998,7,-5.13,7.77,7.17,34.6875,-19.6875,-29.25,-0.8866666666666667,-1.8466666666666667,0.4211111111111111,303.4375,-12.875,-50.8125,212484096.0,83607552.0,82788352.0,114294784.0,-2.94,0.36,1.13,-2.18,7.41,6.03
1205,26.224,9,-4.46,7.33,6.58,34.6875,-19.6875,-29.25,-0.7911111111111111,-1.8288888888888888,0.2833333333333333,303.6875,-12.125,-50.1875,213352448.0,83902464.0,80396288.0,114147328.0,-2.39,-0.03,0.45,-2.06,7.37,6.13
1206,36.172999999999995,9,-4.14,7.13,6.65,34.6875,-19.6875,-29.25,-0.7277777777777777,-1.761111111111111,0.10555555555555556,304.0,-11.4375,-49.6875,214253568.0,84164608.0,78168064.0,113836032.0,-2.19,-0.19,0.43,-1.95,7.33,6.21
1207,46.318,10,-3.92,7.22,6.69,34.6875,-19.6875,-29.25,-0.6388888888888888,-1.6755555555555555,-0.07888888888888888,304.4375,-10.875,-49.1875,215171072.0,84393984.0,76152832.0,113311744.0,-2.07,-0.06,0.4,-1.85,7.29,6.29
1208,59.442,13,-3.83,7.49,6.81,32.0625,-19.6875,-30.375,-0.48333333333333334,-1.59,-0.24222222222222223,304.9375,-10.4375,-48.75,216055808.0,84656128.0,74350592.0,112607232.0,-2.06,0.23,0.46,-1.77,7.25,6.35
1209,67.292,7,-3.86,7.89,6.94,32.0625,-19.6875,-30.375,-0.3188888888888889,-1.51,-0.35444444444444445,305.4375,-10.0,-48.5,216907776.0,85016576.0,72777728.0,111738880.0,-2.15,0.66,0.55,-1.71,7.23,6.39
1210,75.685,8,-3.93,8.03,7.13,32.0625,-19.6875,-30.375,-0.14666666666666667,-1.4288888888888889,-0.43444444444444447,306.0625,-9.6875,-48.25,217694208.0,85458944.0,71401472.0,110755840.0,-2.28,0.82,0.7,-1.65,7.21,6.43
1211,86.257,10,-3.95,8.14,7.26,32.0625,-19.6875,-30.375,0.03111111111111111,-1.3522222222222222,-0.4922222222222222,306.625,-9.375,-48.1875,218382336.0,86032384.0,70221824.0,109690880.0,-2.35,0.93,0.81,-1.6,7.21,6.44
1212,96.293,10,-3.63,8.1,7.35,32.0625,-19.6875,-30.375,0.11333333333333333,-1.251111111111111,-0.5555555555555556,307.25,-9.1875,-48.125,219037696.0,86622208.0,69206016.0,108560384.0,-2.07,0.89,0.89,-1.56,7.2,6.46
1213,109.357,13,-3.49,8.02,7.5,25.0,-19.375,-35.5625,0.10333333333333333,-1.1177777777777778,-0.6522222222222223,308.375,-9.0,-48.0625,220168192.0,87392256.0,67977216.0,106414080.0,-1.95,0.81,1.03,-1.54,7.2,6.47
1214,116.701,7,-3.37,7.91,7.54,25.0,-19.375,-35.5625,0.05444444444444444,-0.9811111111111112,-0.7722222222222223,309.0625,-9.0,-48.0,220856320.0,87687168.0,67289088.0,105185280.0,-1.83,0.71,1.06,-1.53,7.19,6.48
1215,126.387,9,-3.23,7.78,7.54,25.0,-19.375,-35.5625,-0.0011111111111111111,-0.8488888888888889,-0.9,309.75,-9.0,-47.875,221577216.0,87834624.0,66781184.0,103874560.0,-1.69,0.6,1.05,-1.54,7.18,6.49
1216,136.25699999999998,9,-3.04,7.69,7.59,25.0,-19.375,-35.5625,-0.013333333333333334,-0.7288888888888889,-1.01,310.4375,-9.1875,-47.75,222298112.0,87851008.0,66420736.0,102514688.0,-1.48,0.52,1.09,-1.56,7.16,6.5
1217,146.21200000000002,9,-2.99,7.65,7.51,25.0,-19.375,-35.5625,0.008888888888888889,-0.6255555555555555,-1.0822222222222222,311.1875,-9.375,-47.625,223019008.0,87818240.0,66207744.0,101105664.0,-1.39,0.49,1.0,-1.6,7.15,6.51
1218,159.412,13,-2.99,7.52,7.33,24.375,-18.1875,-36.875,0.07777777777777778,-0.5266666666666666,-1.1155555555555556,312.3125,-9.625,-47.5625,224018432.0,88014848.0,65863680.0,98942976.0,-1.34,0.38,0.82,-1.64,7.14,6.51
1219,166.463,7,-3.0,7.47,7.23,24.375,-18.1875,-36.875,0.1922222222222222,-0.45,-1.1211111111111112,313.0625,-9.9375,-47.5625,224591872.0,88080384.0,65945600.0,97501184.0,-1.31,0.34,0.72,-1.69,7.13,6.51
1220,176.35799999999998,9,-2.78,7.7,6.98,24.375,-18.1875,-36.875,0.28,-0.39111111111111113,-1.1055555555555556,313.75,-10.1875,-47.625,225116160.0,88211456.0,66125824.0,96059392.0,-1.04,0.57,0.48,-1.74,7.13,6.49
1221,186.576,10,-2.81,7.55,6.91,24.375,-18.1875,-36.875,0.29555555555555557,-0.33555555555555555,-1.0866666666666667,314.4375,-10.5625,-47.6875,225591296.0,88342528.0,66355200.0,94666752.0,-1.01,0.42,0.43,-1.79,7.13,6.48
1222,196.619,10,-2.78,7.26,6.82,24.375,-18.1875,-36.875,0.30333333333333334,-0.30666666666666664,-1.0833333333333333,315.125,-10.875,-47.75,226033664.0,88457216.0,66617344.0,93274112.0,-0.92,0.13,0.35,-1.85,7.13,6.46
1223,208.47,11,-2.77,6.82,6.51,22.875,-17.875,-39.0,0.31444444444444447,-0.3,-1.0977777777777777,315.8125,-11.1875,-47.8125,226492416.0,88588288.0,66895872.0,91865088.0,-0.86,-0.31,0.06,-1.9,7.13,6.45
1224,216.304,7,-2.54,6.83,6.2,22.875,-17.875,-39.0,0.3288888888888889,-0.31777777777777777,-1.1322222222222222,316.5,-11.5625,-47.9375,226934784.0,88719360.0,67158016.0,90406912.0,-0.58,-0.29,-0.22,-1.96,7.13,6.43
1225,226.562,10,-2.7,6.83,5.96,22.875,-17.875,-39.0,0.2866666666666667,-0.34555555555555556,-1.1622222222222223,317.25,-11.875,-47.9375,227426304.0,88801280.0,67403776.0,88915968.0,-0.68,-0.29,-0.45,-2.02,7.12,6.42
1226,236.55399999999997,9,-2.72,7.49,5.97,22.875,-17.875,-39.0,0.16333333333333333,-0.37777777777777777,-1.1711111111111112,318.0,-12.1875,-47.9375,227966976.0,88768512.0,67551232.0,87441408.0,-0.64,0.37,-0.44,-2.07,7.11,6.41
1227,246.60999999999999,10,-2.99,6.87,5.43,22.875,-17.875,-39.0,-0.023333333333333334,-0.4011111111111111,-1.1633333333333333,318.75,-12.5625,-47.75,228589568.0,88522752.0,67600384.0,86016000.0,-0.86,-0.21,-0.99,-2.13,7.09,6.42
1228,258.697,12,-2.96,7.04,5.32,25.0625,-15.5625,-39.375,0.024444444444444446,-0.46111111111111114,-1.1644444444444444,319.5,-12.8125,-47.625,229195776.0,88375296.0,67600384.0,84541440.0,-0.78,-0.02,-1.11,-2.18,7.06,6.43
1229,266.177,7,-2.67,7.5,5.05,25.0625,-15.5625,-39.375,0.14222222222222222,-0.5411111111111111,-1.1511111111111112,320.25,-13.125,-47.5625,229769216.0,88375296.0,67551232.0,83017728.0,-0.44,0.45,-1.38,-2.22,7.05,6.43
1230,276.05800000000005,9,-2.38,7.87,4.22,25.0625,-15.5625,-39.375,-0.02,-0.5755555555555556,-1.1222222222222222,321.0,-13.3125,-47.4375,230408192.0,88211456.0,67387392.0,81559552.0,-0.11,0.84,-2.22,-2.26,7.02,6.45
1231,286.366,10,-3.29,7.36,4.18,25.0625,-15.5625,-39.375,-0.40444444444444444,-0.5722222222222222,-1.1,321.6875,-13.5625,-47.0625,231178240.0,87638016.0,67059712.0,80232448.0,-0.98,0.38,-2.3,-2.3,6.97,6.49
1232,296.28700000000003,9,-3.88,7.09,4.28,25.0625,-15.5625,-39.375,-0.5244444444444445,-0.6366666666666667,-1.1044444444444443,322.375,-13.75,-46.5625,232013824.0,86949888.0,66617344.0,78921728.0,-1.54,0.16,-2.25,-2.33,6.92,6.54
1233,308.236,11,-3.56,7.44,4.22,25.875,-14.875,-40.1875,-0.5577777777777778,-0.7666666666666667,-1.1,323.125,-13.9375,-46.125,232898560.0,86278144.0,66011136.0,77561856.0,-1.19,0.58,-2.37,-2.36,6.86,6.59
1234,315.573,7,-4.7,8.03,3.39,25.875,-14.875,-40.1875,-0.6444444444444445,-0.9388888888888889,-1.08,323.875,-14.0,-45.5625,233848832.0,85557248.0,65175552.0,76185600.0,-2.33,1.24,-3.26,-2.37,6.79,6.65
1235,326.214,10,-4.78,8.09,3.5,25.875,-14.875,-40.1875,-0.7611111111111111,-1.1011111111111112,-1.0644444444444445,324.625,-14.0,-44.9375,234881024.0,84787200.0,64110592.0,74792960.0,-2.4,1.36,-3.22,-2.37,6.72,6.73
1236,336.298,10,-4.43,8.21,3.57,25.875,-14.875,-40.1875,-0.7655555555555555,-1.2755555555555556,-1.0555555555555556,325.4375,-13.875,-44.3125,235929600.0,84049920.0,62832640.0,73334784.0,-2.07,1.56,-3.22,-2.35,6.65,6.8
1237,346.27599999999995,9,-4.71,9.46,4.09,25.875,-14.875,-40.1875,-0.6111111111111112,-1.4644444444444444,-1.038888888888889,326.25,-13.6875,-43.75,236978176.0,83574784.0,61390848.0,71761920.0,-2.38,2.87,-2.78,-2.32,6.58,6.87
1238,358.235,11,-5.26,10.17,4.56,23.25,-13.0,-40.1875,-0.5066666666666667,-1.64,-0.9911111111111112,327.125,-13.4375,-43.1875,237977600.0,83263488.0,59768832.0,70139904.0,-2.97,3.63,-2.37,-2.28,6.53,6.94
1239,365.44100000000003,7,-5.85,10.78,4.94,23.25,-13.0,-40.1875,-0.49333333333333335,-1.791111111111111,-0.9088888888888889,327.9375,-13.0625,-42.6875,238977024.0,83034112.0,57933824.0,68534272.0,-3.63,4.3,-2.06,-2.21,6.48,7.01
1240,376.176,10,-6.24,11.18,5.39,23.25,-13.0,-40.1875,-0.5388888888888889,-1.9166666666666667,-0.8188888888888889,328.75,-12.5625,-42.1875,239976448.0,82821120.0,55902208.0,66994176.0,-4.1,4.75,-1.69,-2.14,6.42,7.08
1241,386.366,10,-7.13,11.92,6.49,23.25,-13.0,-40.1875,-0.6133333333333333,-2.0355555555555553,-0.7411111111111112,329.5625,-12.0,-41.625,240975872.0,82575360.0,53673984.0,65503232.0,-5.08,5.55,-0.67,-2.04,6.37,7.16
1242,396.285,9,-7.39,12.08,6.98,23.25,-13.0,-40.1875,-0.7333333333333333,-2.1333333333333333,-0.7077777777777777,330.3125,-11.4375,-41.0,242008064.0,82198528.0,51281920.0,64045056.0,-5.44,5.77,-0.26,-1.94,6.3,7.25
1243,407.932,11,-7.57,12.0,7.39,19.875,-11.5625,-42.1875,-0.8855555555555555,-2.1966666666666668,-0.7422222222222222,331.125,-10.75,-40.3125,243105792.0,81674240.0,48775168.0,62537728.0,-5.73,5.76,0.05,-1.83,6.23,7.34
1244,415.266,7,-7.81,11.71,8.28,19.875,-11.5625,-42.1875,-1.0922222222222222,-2.2422222222222223,-0.8511111111111112,331.9375,-10.125,-39.5,244285440.0,80871424.0,46186496.0,60932096.0,-6.08,5.57,0.83,-1.72,6.14,7.44
1245,426.255,10,-7.89,11.11,8.66,19.875,-11.5625,-42.1875,-1.3466666666666667,-2.27,-1.031111111111111,332.875,-9.5,-38.5625,245579776.0,79724544.0,43548672.0,59146240.0,-6.26,5.08,1.1,-1.62,6.03,7.56
1246,436.28,10,-7.76,10.49,9.13,19.875,-11.5625,-42.1875,-1.508888888888889,-2.312222222222222,-1.2644444444444445,333.9375,-8.9375,-37.5,246956032.0,78348288.0,40894464.0,57114624.0,-6.23,4.58,1.45,-1.53,5.9,7.68
1247,446.286,10,-7.31,9.99,9.61,19.875,-11.5625,-42.1875,-1.3933333333333333,-2.3866666666666667,-1.518888888888889,335.125,-8.4375,-36.5,248315904.0,77053952.0,38289408.0,54706176.0,-5.87,4.21,1.82,-1.44,5.77,7.79
1248,458.286,12,-6.53,9.48,10.16,17.6875,-8.875,-44.25,-1.0877777777777777,-2.45,-1.738888888888889,336.4375,-7.875,-35.6875,249593856.0,76087296.0,35733504.0,51937280.0,-5.18,3.81,2.28,-1.35,5.67,7.88
1249,465.323,7,-6.12,8.99,10.26,17.6875,-8.875,-44.25,-0.73,-2.451111111111111,-1.9077777777777778,337.875,-7.4375,-35.125,250707968.0,75481088.0,33341440.0,48906240.0,-4.85,3.39,2.31,-1.27,5.59,7.95
1250,476.259,10,-5.61,8.56,10.36,17.6875,-8.875,-44.25,-0.38333333333333336,-2.3844444444444446,-2.03,339.375,-7.0,-34.6875,251674624.0,75251712.0,31129600.0,45694976.0,-4.41,3.02,2.36,-1.19,5.54,8.0
1251,486.339,10,-4.5,8.2,10.64,17.6875,-8.875,-44.25,-0.09555555555555556,-2.2511111111111113,-2.0944444444444446,340.875,-6.625,-34.4375,252461056.0,75317248.0,29163520.0,42401792.0,-3.36,2.69,2.61,-1.13,5.51,8.03
1252,496.376,10,-3.93,8.38,11.03,17.6875,-8.875,-44.25,0.03888888888888889,-2.078888888888889,-2.0966666666666667,342.375,-6.3125,-34.25,253132800.0,75481088.0,27426816.0,39124992.0,-2.85,2.89,2.98,-1.08,5.49,8.05
1253,508.327,11,-3.51,8.58,11.56,11.0,-5.5625,-46.375,-0.04111111111111111,-1.8977777777777778,-2.0533333333333332,343.8125,-6.125,-34.0625,253755392.0,75513856.0,25870336.0,35979264.0,-2.47,3.11,3.49,-1.04,5.46,8.07
1254,515.8199999999999,7,-3.34,7.98,11.96,11.0,-5.5625,-46.375,-0.26555555555555554,-1.748888888888889,-2.0155555555555558,345.1875,-5.9375,-33.8125,254394368.0,75235328.0,24444928.0,32948224.0,-2.32,2.55,3.85,-1.01,5.42,8.1
1255,526.455,10,-2.34,6.05,11.84,11.0,-5.5625,-46.375,-0.34555555555555556,-1.6266666666666667,-2.0555555555555554,346.5625,-5.8125,-33.4375,255000576.0,74825728.0,23150592.0,29917184.0,-1.35,0.67,3.71,-0.99,5.38,8.13
1256,536.323,9,-1.73,5.56,11.42,11.0,-5.5625,-46.375,-0.18333333333333332,-1.4822222222222223,-2.181111111111111,348.0,-5.8125,-33.1875,255524864.0,74563584.0,22102016.0,26771456.0,-0.74,0.21,3.26,-0.99,5.34,8.16
1257,546.351,10,-1.04,5.4,10.95,11.0,-5.5625,-46.375,0.09777777777777778,-1.24,-2.348888888888889,349.5,-5.9375,-33.125,255901696.0,74596352.0,21446656.0,23461888.0,-0.02,0.07,2.79,-1.01,5.33,8.16
1258,558.2810000000001,11,-0.18,5.37,10.56,7.5625,-4.75,-48.375,0.31555555555555553,-0.9,-2.5244444444444443,351.0,-6.25,-33.125,256131072.0,74809344.0,21266432.0,20037632.0,0.89,0.04,2.4,-1.07,5.33,8.16
1259,565.681,7,1.4,5.27,10.9,7.5625,-4.75,-48.375,0.36444444444444446,-0.5133333333333333,-2.7066666666666666,352.5625,-6.8125,-33.1875,256294912.0,75022336.0,21643264.0,16531456.0,2.57,-0.05,2.75,-1.17,5.33,8.14
1260,576.194,10,1.98,5.17,11.37,7.5625,-4.75,-48.375,0.19555555555555557,-0.19111111111111112,-2.89,354.1875,-7.625,-33.125,256442368.0,74973184.0,22462464.0,12910592.0,3.29,-0.13,3.23,-1.3,5.31,8.13
1261,586.253,10,2.59,4.94,11.81,7.5625,-4.75,-48.375,-0.06222222222222222,-0.005555555555555556,-3.071111111111111,355.875,-8.5,-32.875,256622592.0,74563584.0,23543808.0,9175040.0,4.05,-0.32,3.66,-1.45,5.26,8.14
1262,596.329,10,4.45,4.13,11.9,7.5625,-4.75,-48.375,-0.12444444444444444,0.01,-3.258888888888889,357.625,-9.5,-32.5625,256786432.0,74039296.0,24690688.0,5210112.0,6.07,-1.07,3.75,-1.62,5.2,8.14
1263,609.558,13,5.39,3.69,11.52,5.75,-4.0625,-49.25,0.10777777777777778,-0.0811111111111111,-3.4611111111111112,359.625,-10.4375,-32.3125,256802816.0,73777152.0,25739264.0,720896.0,7.17,-1.46,3.38,-1.78,5.16,8.14
1264,616.632,7,6.2,3.46,11.04,5.75,-4.0625,-49.25,0.5277777777777778,-0.17888888888888888,-3.6844444444444444,1.6875,-11.4375,-32.3125,256622592.0,73957376.0,26804224.0,-3899392.0,8.15,-1.67,2.92,-1.95,5.13,8.12
1265,626.326,9,6.73,3.15,10.73,5.75,-4.0625,-49.25,1.0222222222222221,-0.20666666666666667,-3.9166666666666665,3.9375,-12.5,-32.4375,256163840.0,74694656.0,27901952.0,-8880128.0,8.86,-1.98,2.65,-2.12,5.14,8.07
1266,636.355,10,6.88,2.46,10.26,5.75,-4.0625,-49.25,1.4766666666666666,-0.12,-4.114444444444445,6.3125,-13.625,-32.8125,255426560.0,75923456.0,29147136.0,-14123008.0,9.2,-2.69,2.25,-2.31,5.16,8.0
1267,646.3520000000001,9,6.86,2.43,10.04,5.75,-4.0625,-49.25,1.8077777777777777,0.11555555555555555,-4.235555555555556,8.75,-14.9375,-33.3125,254410752.0,77529088.0,30687232.0,-19464192.0,9.39,-2.76,2.13,-2.53,5.2,7.91
1268,658.7769999999999,12,6.83,2.55,9.74,4.6875,-3.375,-50.0,1.9755555555555555,0.5377777777777778,-4.221111111111111,11.0625,-16.5,-33.875,253149184.0,79331328.0,32702464.0,-24657920.0,9.62,-2.69,1.93,-2.78,5.24,7.8
1269,666.537,7,6.19,2.54,8.99,4.6875,-3.375,-50.0,2.011111111111111,1.13,-4.018888888888889,13.25,-18.1875,-34.5,251691008.0,81231872.0,35340288.0,-29360128.0,9.26,-2.73,1.32,-3.07,5.28,7.67
1270,676.23,9,5.85,2.79,8.06,4.6875,-3.375,-50.0,2.0455555555555556,1.8544444444444443,-3.621111111111111,15.125,-20.1875,-35.25,250019840.0,83312640.0,38666240.0,-33325056.0,9.23,-2.52,0.55,-3.38,5.31,7.51
1271,686.425,10,5.66,2.97,7.16,4.6875,-3.375,-50.0,2.0477777777777777,2.7022222222222223,-3.051111111111111,16.5625,-22.3125,-36.1875,248168448.0,85590016.0,42745856.0,-36241408.0,9.39,-2.38,-0.15,-3.73,5.36,7.31
1272,696.4449999999999,10,5.38,3.09,5.9,4.6875,-3.375,-50.0,1.9833333333333334,3.62,-2.3533333333333335,17.5,-24.6875,-37.375,246169600.0,88047616.0,47611904.0,-37945344.0,9.48,-2.31,-1.17,-4.09,5.4,7.07
1273,708.639,12,4.39,3.21,4.52,6.1875,-5.0625,-49.1875,1.8888888888888888,4.5311111111111115,-1.5933333333333333,17.8125,-27.1875,-38.8125,243990528.0,90685440.0,53231616.0,-38322176.0,8.87,-2.25,-2.26,-4.48,5.46,6.79
1274,716.056,7,3.62,3.15,4.06,6.1875,-5.0625,-49.1875,1.7977777777777777,5.325555555555556,-0.8044444444444444,17.5625,-29.6875,-40.5625,241631232.0,93503488.0,59392000.0,-37404672.0,8.48,-2.39,-2.4,-4.85,5.54,6.46
1275,726.309,10,2.94,3.13,3.66,6.1875,-5.0625,-49.1875,1.7544444444444445,5.9511111111111115,-0.025555555555555557,16.75,-32.125,-42.8125,239058944.0,96534528.0,65896448.0,-35274752.0,8.15,-2.51,-2.41,-5.21,5.64,6.08
1276,736.429,10,2.16,3.33,2.79,6.1875,-5.0625,-49.1875,1.741111111111111,6.398888888888889,0.7155555555555555,15.4375,-34.3125,-45.5625,236257280.0,99762176.0,72515584.0,-32047104.0,7.69,-2.44,-2.86,-5.53,5.78,5.66
1277,746.4150000000001,9,1.9,3.42,2.26,6.1875,-5.0625,-49.1875,1.7277777777777779,6.683333333333334,1.41,13.625,-36.25,-48.75,233226240.0,103137280.0,79036416.0,-27869184.0,7.7,-2.52,-2.94,-5.8,5.94,5.21
1278,758.707,12,1.66,3.41,1.8,17.0,-9.1875,-45.1875,1.6822222222222223,6.83,2.0522222222222224,11.3125,-37.75,-52.375,229965824.0,106610688.0,85327872.0,-22872064.0,7.67,-2.72,-2.92,-6.0,6.14,4.73
1279,765.796,7,1.51,3.53,1.29,17.0,-9.1875,-45.1875,1.6222222222222222,6.85,2.652222222222222,8.625,-38.75,-56.3125,226508800.0,110133248.0,91242496.0,-17154048.0,7.65,-2.82,-2.94,-6.13,6.36,4.23
1280,776.255,10,1.4,4.14,0.63,17.0,-9.1875,-45.1875,1.5155555555555555,6.748888888888889,3.2311111111111113,5.5,-39.125,-60.4375,222904320.0,113639424.0,96616448.0,-10797056.0,7.59,-2.47,-3.11,-6.19,6.61,3.75
1281,786.424,10,1.54,4.37,0.02,17.0,-9.1875,-45.1875,1.3566666666666667,6.544444444444444,3.821111111111111,2.0,-38.9375,-64.5,219217920.0,117096448.0,101351424.0,-3833856.0,7.71,-2.51,-3.25,-6.16,6.88,3.27
1282,796.4290000000001,10,1.77,4.53,-0.77,17.0,-9.1875,-45.1875,1.27,6.238888888888889,4.424444444444444,358.0625,-38.125,-68.4375,215449600.0,120586240.0,105299968.0,3637248.0,7.82,-2.64,-3.6,-6.05,7.17,2.83
1283,808.374,11,1.6,5.47,-2.38,27.0625,-12.5,-36.25,1.46,5.85,5.04,353.8125,-36.5625,-72.25,211451904.0,124403712.0,108347392.0,11403264.0,7.45,-2.01,-4.78,-5.84,7.49,2.39
1284,815.5360000000001,7,0.99,6.25,-2.72,27.0625,-12.5,-36.25,1.6077777777777778,5.423333333333333,5.654444444444445,349.25,-34.4375,-75.75,207257600.0,128548864.0,110460928.0,19447808.0,6.54,-1.58,-4.71,-5.55,7.83,1.98
1285,826.372,10,0.4,6.55,-3.19,27.0625,-12.5,-36.25,1.6077777777777778,4.955555555555556,6.27,344.375,-31.6875,-78.8125,202932224.0,132874240.0,111575040.0,27787264.0,5.56,-1.62,-4.8,-5.15,8.18,1.61
1286,836.405,10,-0.05,6.43,-3.48,27.0625,-12.5,-36.25,1.4244444444444444,4.426666666666667,6.833333333333333,339.1875,-28.4375,-81.3125,198639616.0,137166848.0,111624192.0,36388864.0,4.62,-2.08,-4.77,-4.67,8.52,1.29
1287,846.401,9,0.94,7.62,-4.03,27.0625,-12.5,-36.25,0.94,3.882222222222222,7.312222222222222,333.75,-24.8125,-83.1875,194543616.0,141164544.0,110608384.0,45285376.0,5.06,-1.21,-5.08,-4.11,8.83,1.05
1288,858.392,11,1.7,7.69,-3.97,33.0,-21.0625,-24.0625,0.07444444444444444,3.3255555555555554,7.746666666666667,328.0625,-20.8125,-84.1875,190922752.0,144474112.0,108412928.0,54591488.0,5.18,-1.42,-4.9,-3.48,9.11,0.92
1289,865.4150000000001,7,1.94,7.7,-3.79,33.0,-21.0625,-24.0625,-0.7711111111111111,2.6955555555555555,8.141111111111112,322.25,-16.5625,-84.375,187793408.0,147144704.0,104988672.0,64176128.0,4.74,-1.64,-4.7,-2.79,9.35,0.91
1290,876.363,10,2.07,9.73,-4.17,33.0,-21.0625,-24.0625,-1.4055555555555554,1.99,8.55,316.4375,-12.0,-84.0,185008128.0,149405696.0,100270080.0,73826304.0,4.12,0.19,-5.16,-2.04,9.53,0.99
1291,886.466,10,1.93,10.48,-4.62,33.0,-21.0625,-24.0625,-1.9355555555555555,1.271111111111111,9.015555555555556,310.8125,-7.1875,-83.1875,182435840.0,151404544.0,94208000.0,83492864.0,3.17,0.82,-5.77,-1.23,9.65,1.15
1292,896.503,10,1.21,11.19,-5.18,33.0,-21.0625,-24.0625,-2.28,0.5877777777777777,9.46111111111111,305.25,-2.125,-82.0,179879936.0,153272320.0,86917120.0,93044736.0,1.59,1.48,-6.54,-0.37,9.7,1.35
1293,908.5999999999999,12,-0.05,11.26,-5.43,29.5,-32.0,-20.5,-2.1333333333333333,-0.058888888888888886,9.763333333333334,300.0,3.0625,-80.875,176930816.0,155320320.0,78725120.0,102105088.0,-0.58,1.59,-6.98,0.52,9.66,1.55
1294,915.6659999999999,7,-1.45,8.91,-6.76,29.5,-32.0,-20.5,-1.4633333333333334,-0.6288888888888889,9.723333333333333,295.0625,8.3125,-80.0,173342720.0,157859840.0,70238208.0,110247936.0,-2.88,-0.64,-8.44,1.42,9.55,1.68
1295,926.453,10,0.79,8.15,-7.09,29.5,-32.0,-20.5,-0.15222222222222223,-1.1044444444444443,9.142222222222221,290.5625,13.3125,-79.875,168886272.0,161218560.0,62324736.0,116883456.0,-1.47,-1.23,-8.77,2.26,9.39,1.67
1296,936.5219999999999,10,3.17,9.1,-7.56,29.5,-32.0,-20.5,1.3844444444444444,-1.4722222222222223,8.083333333333334,286.6875,17.8125,-80.625,163643392.0,165412864.0,55672832.0,121733120.0,0.17,-0.1,-9.07,3.0,9.21,1.51
1297,946.575,10,3.67,10.67,-6.62,29.5,-32.0,-20.5,2.3844444444444446,-1.708888888888889,6.796666666666667,283.375,21.5625,-82.0625,158187520.0,169951232.0,50348032.0,124977152.0,0.06,1.64,-7.88,3.61,9.03,1.25
1298,958.6179999999999,12,2.61,12.34,-5.64,13.375,-42.0625,-24.5,3.0766666666666667,-1.971111111111111,5.588888888888889,280.625,24.75,-84.0,152780800.0,174686208.0,46153728.0,126779392.0,-1.49,3.48,-6.56,4.1,8.85,0.92
1299,966.164,7,2.47,14.01,-5.02,13.375,-42.0625,-24.5,3.6444444444444444,-2.35,4.7122222222222225,278.3125,27.375,-86.5625,147357696.0,179683328.0,42713088.0,127385600.0,-2.03,5.32,-5.54,4.51,8.68,0.52
1300,977.4739999999999,11,3.38,14.7,-4.39,13.375,-42.0625,-24.5,3.7577777777777777,-2.827777777777778,4.153333333333333,276.375,29.6875,-89.375,142147584.0,184795136.0,39452672.0,127074304.0,-1.47,6.18,-4.48,4.86,8.51,0.08
1301,987.291,9,5.81,15.86,-3.75,13.375,-42.0625,-24.5,3.3155555555555556,-3.348888888888889,3.7422222222222223,275.0,31.75,-92.3125,137543680.0,189677568.0,35897344.0,125976576.0,0.64,7.53,-3.42,5.16,8.33,-0.33
1302,996.716,9,6.76,16.03,-3.58,13.375,-42.0625,-24.5,2.4066666666666667,-3.8577777777777778,3.3744444444444444,274.25,33.4375,-95.0,133971968.0,194068480.0,31752192.0,124256256.0,1.35,7.87,-2.86,5.4,8.15,-0.71
1303,1008.6850000000001,11,7.22,16.02,-3.62,-3.0625,-46.5,-21.1875,1.4366666666666668,-4.308888888888889,2.991111111111111,274.3125,34.75,-97.5,131481600.0,197918720.0,27099136.0,121929728.0,1.62,8.03,-2.57,5.59,7.98,-1.05
1304,1015.9469999999999,7,7.45,15.94,-3.74,-3.0625,-46.5,-21.1875,0.6033333333333334,-4.66,2.537777777777778,275.0,35.75,-99.75,130007040.0,201244672.0,22134784.0,119013376.0,1.71,8.11,-2.39,5.73,7.83,-1.35
1305,1026.5230000000001,10,7.92,15.71,-3.93,-3.0625,-46.5,-21.1875,0.005555555555555556,-4.887777777777778,1.9966666666666666,276.4375,36.3125,-101.8125,129351680.0,204161024.0,17203200.0,115539968.0,2.1,7.99,-2.31,5.81,7.72,-1.61
1306,1036.59,10,8.16,15.49,-3.91,-3.0625,-46.5,-21.1875,-0.34444444444444444,-4.981111111111111,1.3644444444444443,278.375,36.4375,-103.6875,129302528.0,206733312.0,12632064.0,111542272.0,2.33,7.83,-2.04,5.83,7.65,-1.86
1307,1046.606,10,8.26,15.27,-3.67,-3.0625,-46.5,-21.1875,-0.5133333333333333,-4.96,0.66,280.875,36.125,-105.375,129712128.0,209027072.0,8650752.0,107069440.0,2.47,7.64,-1.56,5.78,7.63,-2.1
1308,1058.6180000000002,12,8.13,14.26,-2.74,-10.875,-48.1875,-16.6875,-0.5644444444444444,-4.886666666666667,-0.09666666666666666,283.875,35.3125,-106.9375,130498560.0,211107840.0,5455872.0,102154240.0,2.46,6.61,-0.41,5.67,7.64,-2.33
1309,1065.882,7,7.97,13.75,-2.16,-10.875,-48.1875,-16.6875,-0.53,-4.83,-0.8855555555555555,287.3125,34.0625,-108.25,131547136.0,213041152.0,3080192.0,96747520.0,2.47,6.04,0.38,5.49,7.7,-2.54
1310,1076.5439999999999,10,7.48,13.45,-1.33,-10.875,-48.1875,-16.6875,-0.45,-4.828888888888889,-1.6622222222222223,291.25,32.375,-109.4375,132792320.0,214892544.0,1540096.0,90800128.0,2.23,5.64,1.42,5.25,7.8,-2.76
1311,1086.632,10,6.8,13.32,-0.44,-10.875,-48.1875,-16.6875,-0.5088888888888888,-4.872222222222222,-2.4033333333333333,295.75,30.25,-110.4375,134348800.0,216580096.0,704512.0,84279296.0,1.85,5.38,2.51,4.94,7.93,-2.96
1312,1096.628,9,5.95,13.32,1.28,-10.875,-48.1875,-16.6875,-0.7844444444444445,-4.926666666666667,-3.098888888888889,300.9375,27.6875,-111.0625,136364032.0,217956352.0,425984.0,77201408.0,1.39,5.22,4.4,4.56,8.09,-3.12
1313,1108.742,12,5.81,13.33,2.06,-16.5,-47.1875,-14.6875,-1.3155555555555556,-4.935555555555555,-3.752222222222222,306.75,24.8125,-111.1875,139034624.0,218808320.0,638976.0,69632000.0,1.69,5.04,5.28,4.12,8.29,-3.22
1314,1115.743,7,5.66,13.21,2.76,-16.5,-47.1875,-14.6875,-2.0344444444444445,-4.8822222222222225,-4.384444444444444,313.1875,21.625,-110.8125,142540800.0,218939392.0,1294336.0,61636608.0,2.04,4.69,6.01,3.62,8.51,-3.24
1315,1126.555,10,5.62,13.43,3.71,-16.5,-47.1875,-14.6875,-2.81,-4.7444444444444445,-4.987777777777778,320.0625,18.1875,-109.8125,146866176.0,218267648.0,2441216.0,53313536.0,2.55,4.67,6.87,3.06,8.76,-3.16
1316,1136.565,10,5.66,13.49,3.95,-16.5,-47.1875,-14.6875,-3.5655555555555556,-4.495555555555556,-5.5377777777777775,327.125,14.5625,-108.25,151912448.0,216694784.0,4145152.0,44793856.0,3.19,4.48,6.93,2.47,9.01,-2.97
1317,1146.563,9,5.64,13.42,4.0,-16.5,-47.1875,-14.6875,-4.223333333333334,-4.121111111111111,-6.006666666666667,334.0625,10.75,-106.25,157499392.0,214237184.0,6455296.0,36274176.0,3.8,4.17,6.7,1.83,9.24,-2.69
1318,1158.555,11,5.58,13.29,3.96,-12.5625,-48.0625,-12.5625,-4.7188888888888885,-3.6144444444444446,-6.354444444444445,340.5625,6.9375,-103.8125,163364864.0,210944000.0,9388032.0,27951104.0,4.4,3.83,6.29,1.18,9.45,-2.32
1319,1165.601,7,5.19,12.39,3.76,-12.5625,-48.0625,-12.5625,-5.0344444444444445,-2.9988888888888887,-6.588888888888889,346.4375,3.0625,-101.125,169279488.0,206962688.0,12992512.0,20037632.0,4.66,2.78,5.65,0.53,9.6,-1.89
1320,1176.542,10,4.99,11.7,3.45,-12.5625,-48.0625,-12.5625,-5.216666666666667,-2.3055555555555554,-6.735555555555556,351.6875,-0.6875,-98.3125,175030272.0,202391552.0,17252352.0,12664832.0,5.11,2.0,4.88,-0.12,9.7,-1.42
1321,1186.569,10,4.68,10.57,3.16,-12.5625,-48.0625,-12.5625,-5.273333333333333,-1.6033333333333333,-6.833333333333333,356.25,-4.5,-95.4375,180486144.0,197378048.0,22151168.0,5865472.0,5.45,0.84,4.09,-0.77,9.73,-0.93
1322,1196.636,10,4.14,8.71,2.89,-12.5625,-48.0625,-12.5625,-5.091111111111111,-0.95,-6.902222222222222,0.25,-8.25,-92.625,185401344.0,192151552.0,27639808.0,-409600.0,5.56,-0.97,3.34,-1.41,9.69,-0.45
1323,1208.71,12,3.83,7.89,2.7,-2.1875,-46.875,-21.75,-4.645555555555555,-0.37666666666666665,-6.913333333333333,3.75,-12.0625,-90.0625,189530112.0,186990592.0,33603584.0,-6225920.0,5.88,-1.69,2.72,-2.05,9.58,-0.01
1324,1216.052,7,3.6,7.03,2.61,-2.1875,-46.875,-21.75,-4.122222222222222,0.1622222222222222,-6.8822222222222225,6.875,-15.8125,-87.8125,192823296.0,182059008.0,39960576.0,-11616256.0,6.28,-2.39,2.26,-2.67,9.42,0.35
1325,1226.501,10,3.64,6.38,2.34,-2.1875,-46.875,-21.75,-3.598888888888889,0.6833333333333333,-6.795555555555556,9.6875,-19.5,-85.9375,195297280.0,177389568.0,46628864.0,-16547840.0,6.91,-2.83,1.69,-3.27,9.21,0.64
1326,1236.488,9,3.49,5.64,2.07,-2.1875,-46.875,-21.75,-3.066666666666667,1.1888888888888889,-6.6033333333333335,12.125,-23.125,-84.375,196984832.0,173064192.0,53510144.0,-20987904.0,7.35,-3.32,1.19,-3.85,8.97,0.87
1327,1246.545,10,3.09,5.4,2.1,-2.1875,-46.875,-21.75,-2.4988888888888887,1.6433333333333333,-6.26,14.25,-26.625,-83.3125,197885952.0,169213952.0,60407808.0,-24838144.0,7.48,-3.3,1.08,-4.39,8.7,1.02
1328,1258.623,12,2.45,5.44,2.03,10.875,-39.5,-29.875,-1.9144444444444444,2.05,-5.733333333333333,16.0625,-29.875,-82.625,198066176.0,165920768.0,67141632.0,-28016640.0,7.33,-2.98,0.94,-4.88,8.43,1.08
1329,1266.287,7,1.24,5.85,1.81,10.875,-39.5,-29.875,-1.528888888888889,2.4233333333333333,-5.027777777777778,17.4375,-32.75,-82.375,197754880.0,163151872.0,73564160.0,-30343168.0,6.55,-2.31,0.72,-5.3,8.17,1.08
1330,1276.491,10,1.06,6.1,1.69,10.875,-39.5,-29.875,-1.4266666666666667,2.7844444444444445,-4.176666666666667,18.1875,-35.1875,-82.4375,197230592.0,160694272.0,79593472.0,-31604736.0,6.72,-1.83,0.64,-5.65,7.94,1.05
1331,1286.589,10,0.79,5.83,1.4,10.875,-39.5,-29.875,-1.5855555555555556,3.1233333333333335,-3.2055555555555557,18.25,-37.125,-82.625,196722688.0,158433280.0,85196800.0,-31621120.0,6.71,-1.91,0.41,-5.92,7.75,0.99
1332,1296.6,10,0.06,4.93,1.02,10.875,-39.5,-29.875,-1.9177777777777778,3.4444444444444446,-2.183333333333333,17.5,-38.5625,-82.9375,196411392.0,156237824.0,90324992.0,-30277632.0,6.18,-2.67,0.07,-6.11,7.6,0.94
1333,1308.684,12,-1.07,2.65,-0.34,23.1875,-30.875,-29.875,-2.22,3.7333333333333334,-1.1822222222222223,16.0,-39.4375,-83.25,196231168.0,154157056.0,94978048.0,-27656192.0,5.15,-4.86,-1.22,-6.23,7.51,0.88
1334,1315.744,7,-0.94,1.91,-1.44,23.1875,-30.875,-29.875,-2.4044444444444446,4.001111111111111,-0.2544444444444444,13.875,-39.8125,-83.75,196116480.0,152289280.0,99188736.0,-23871488.0,5.33,-5.56,-2.26,-6.28,7.48,0.81
1335,1326.5910000000001,10,-0.9,1.53,-2.45,23.1875,-30.875,-29.875,-2.4255555555555555,4.2444444444444445,0.6,11.125,-39.75,-84.375,195870720.0,150749184.0,102957056.0,-19087360.0,5.36,-5.96,-3.19,-6.27,7.5,0.73
1336,1336.6180000000002,10,-1.1,2.01,-4.13,23.1875,-30.875,-29.875,-2.3066666666666666,4.447777777777778,1.4055555555555554,7.875,-39.1875,-85.125,195428352.0,149651456.0,106266624.0,-13467648.0,5.09,-5.55,-4.77,-6.2,7.57,0.63
1337,1346.554,9,-0.87,2.19,-5.15,23.1875,-30.875,-29.875,-2.101111111111111,4.585555555555556,2.1866666666666665,4.125,-38.1875,-86.0625,194674688.0,149045248.0,109068288.0,-7110656.0,5.18,-5.48,-5.67,-6.06,7.68,0.52
1338,1358.573,12,-0.9,2.56,-5.8,31.6875,-24.5625,-27.0,-1.5833333333333333,4.598888888888889,2.9677777777777776,0.125,-36.75,-87.1875,193445888.0,149209088.0,111230976.0,-278528.0,4.96,-5.28,-6.18,-5.86,7.84,0.37
1339,1365.5839999999998,7,-1.3,3.35,-6.13,31.6875,-24.5625,-27.0,-0.6811111111111111,4.45,3.7555555555555555,356.0,-34.75,-88.625,191512576.0,150519808.0,112623616.0,6684672.0,4.29,-4.69,-6.31,-5.59,8.05,0.18
1340,1376.643,11,-1.95,4.91,-5.75,31.6875,-24.5625,-27.0,0.09222222222222222,4.19,4.523333333333333,351.625,-32.3125,-90.1875,188973056.0,152829952.0,113147904.0,13746176.0,3.29,-3.36,-5.72,-5.24,8.28,-0.03
1341,1386.708,10,-1.98,6.07,-5.37,31.6875,-24.5625,-27.0,0.6222222222222222,3.7866666666666666,5.261111111111111,347.1875,-29.4375,-91.75,186056704.0,155893760.0,112721920.0,20873216.0,2.84,-2.46,-5.1,-4.82,8.53,-0.26
1342,1396.7179999999998,10,-2.0,7.36,-5.2,31.6875,-24.5625,-27.0,0.7277777777777777,3.2777777777777777,5.967777777777778,342.5,-26.125,-93.0,183074816.0,159318016.0,111214592.0,28164096.0,2.31,-1.42,-4.73,-4.31,8.79,-0.46
1343,1408.6490000000001,11,-1.72,8.94,-4.62,34.0,-25.25,-19.6875,0.3844444444444444,2.7255555555555557,6.636666666666667,337.5,-22.4375,-93.8125,180338688.0,162709504.0,108544000.0,35782656.0,2.02,-0.1,-4.01,-3.74,9.04,-0.6
1344,1415.722,7,-1.41,9.77,-4.36,34.0,-25.25,-19.6875,-0.08444444444444445,2.111111111111111,7.211111111111111,332.4375,-18.4375,-94.0625,177979392.0,165888000.0,104693760.0,43614208.0,1.68,0.49,-3.69,-3.1,9.27,-0.66
1345,1426.662,10,-1.44,10.58,-4.2,34.0,-25.25,-19.6875,-0.5555555555555556,1.4277777777777778,7.6755555555555555,327.375,-14.1875,-93.9375,175996928.0,168820736.0,99663872.0,51462144.0,0.96,1.1,-3.54,-2.4,9.48,-0.65
1346,1436.717,10,-0.91,11.09,-4.04,34.0,-25.25,-19.6875,-1.1077777777777778,0.6888888888888889,7.998888888888889,322.5,-9.8125,-93.3125,174473216.0,171393024.0,93487104.0,59195392.0,0.76,1.44,-3.48,-1.67,9.64,-0.56
1347,1446.675,9,1.67,12.21,-3.12,34.0,-25.25,-19.6875,-1.7444444444444445,-0.08222222222222222,8.17,317.9375,-5.375,-92.375,173490176.0,173457408.0,86212608.0,66617344.0,2.59,2.46,-2.71,-0.92,9.75,-0.4
1348,1458.6760000000002,12,2.03,12.85,-2.99,28.875,-34.875,-14.875,-2.408888888888889,-0.8666666666666667,8.26,313.875,-0.9375,-91.0,173080576.0,174981120.0,77856768.0,73629696.0,2.19,3.04,-2.81,-0.16,9.8,-0.17
1349,1466.209,7,2.21,12.79,-3.0,28.875,-34.875,-14.875,-2.9477777777777776,-1.5966666666666667,8.318888888888889,310.25,3.5625,-89.4375,173047808.0,176029696.0,68534272.0,80166912.0,1.6,3.0,-3.09,0.61,9.78,0.09
1350,1476.558,10,2.5,13.17,-3.28,28.875,-34.875,-14.875,-2.8844444444444446,-2.198888888888889,8.366666666666667,307.0,8.125,-87.9375,172834816.0,177061888.0,58572800.0,86065152.0,1.11,3.47,-3.62,1.39,9.7,0.33
1351,1486.635,10,2.06,13.63,-3.32,28.875,-34.875,-14.875,-2.3255555555555554,-2.5966666666666667,8.385555555555555,304.0,12.75,-86.9375,171917312.0,178372608.0,48398336.0,91324416.0,-0.1,4.08,-3.83,2.16,9.55,0.5
1352,1496.653,10,2.92,12.8,-3.13,28.875,-34.875,-14.875,-1.3633333333333333,-2.74,8.192222222222222,301.125,17.3125,-86.5,170000384.0,180174848.0,38584320.0,95928320.0,0.0,3.45,-3.69,2.91,9.34,0.56
1353,1508.634,11,3.49,12.63,-3.47,12.875,-42.375,-21.375,0.07111111111111111,-2.6344444444444446,7.635555555555555,298.1875,21.5,-87.0,166821888.0,182697984.0,29933568.0,99762176.0,-0.1,3.52,-3.95,3.6,9.1,0.47
1354,1516.041,7,5.21,11.71,-3.31,12.875,-42.375,-21.375,1.8611111111111112,-2.258888888888889,6.562222222222222,295.3125,25.125,-88.4375,162316288.0,186073088.0,23314432.0,102678528.0,1.04,2.84,-3.54,4.17,8.87,0.23
1355,1526.743,10,5.97,14.57,-3.18,12.875,-42.375,-21.375,3.7222222222222223,-1.7433333333333334,4.972222222222222,292.5625,27.875,-90.9375,156729344.0,190251008.0,19382272.0,104497152.0,1.39,5.9,-3.03,4.58,8.66,-0.14
1356,1536.7869999999998,10,5.13,16.77,-2.38,12.875,-42.375,-21.375,4.9688888888888885,-1.2477777777777779,3.1666666666666665,290.125,29.5625,-94.0625,150716416.0,194789376.0,18038784.0,105234432.0,0.29,8.26,-1.77,4.83,8.5,-0.6
1357,1546.773,9,4.15,18.44,-1.35,12.875,-42.375,-21.375,5.326666666666667,-0.9377777777777778,1.3766666666666667,288.25,30.25,-97.3125,145129472.0,199114752.0,18759680.0,104857600.0,-0.78,10.04,-0.27,4.94,8.4,-1.08
1358,1558.842,12,3.34,20.81,0.95,-6.0625,-43.5,-23.75,4.707777777777777,-0.9333333333333333,-0.26666666666666666,287.4375,30.0,-100.125,140853248.0,202752000.0,20709376.0,103350272.0,-1.56,12.45,2.45,4.9,8.35,-1.49
1359,1566.145,7,3.55,20.95,1.71,-6.0625,-43.5,-23.75,3.1911111111111112,-1.1888888888888889,-1.7377777777777779,288.0,28.9375,-102.125,138723328.0,205275136.0,23150592.0,100696064.0,-1.19,12.56,3.52,4.75,8.38,-1.8
1360,1576.7040000000002,10,4.13,20.36,2.03,-6.0625,-43.5,-23.75,1.011111111111111,-1.5988888888888888,-3.111111111111111,290.3125,27.125,-102.9375,139378688.0,206323712.0,25608192.0,96960512.0,-0.33,11.86,3.99,4.47,8.5,-1.95
1361,1586.83,10,5.73,18.58,1.45,-6.0625,-43.5,-23.75,-1.2977777777777777,-2.0388888888888888,-4.404444444444445,294.3125,24.5,-102.5,142884864.0,205815808.0,27967488.0,92176384.0,1.66,9.87,3.39,4.07,8.7,-1.93
1362,1596.75,9,5.97,17.46,0.65,-6.0625,-43.5,-23.75,-3.2655555555555558,-2.37,-5.568888888888889,299.625,21.3125,-101.0,148750336.0,203784192.0,30359552.0,86474752.0,2.4,8.49,2.4,3.56,8.96,-1.74
1363,1608.8329999999999,12,5.89,15.98,-0.3,-9.375,-47.25,-16.875,-4.525555555555556,-2.511111111111111,-6.541111111111111,305.6875,17.5625,-98.8125,156073984.0,200523776.0,33030144.0,80003072.0,2.93,6.74,1.13,2.96,9.23,-1.43
1364,1615.903,7,5.35,14.44,-1.06,-9.375,-47.25,-16.875,-4.833333333333333,-2.506666666666667,-7.293333333333333,311.9375,13.4375,-96.375,163692544.0,196558848.0,36257792.0,72892416.0,3.06,4.96,0.0,2.28,9.47,-1.06
1365,1626.788,10,3.91,12.77,-1.42,-9.375,-47.25,-16.875,-4.228888888888889,-2.457777777777778,-7.807777777777778,318.125,9.0625,-94.25,170606592.0,192593920.0,40124416.0,65191936.0,2.35,3.12,-0.7,1.55,9.65,-0.72
1366,1636.78,9,3.55,12.81,-1.0,-9.375,-47.25,-16.875,-3.0844444444444443,-2.4277777777777776,-8.108888888888888,324.1875,4.625,-92.75,176242688.0,189120512.0,44580864.0,56934400.0,2.76,3.05,-0.53,0.79,9.76,-0.47
1367,1646.794,10,3.37,13.43,-0.46,-9.375,-47.25,-16.875,-1.8477777777777777,-2.421111111111111,-8.273333333333333,330.0625,0.0625,-91.75,180486144.0,186318848.0,49446912.0,48185344.0,3.36,3.63,-0.15,0.01,9.8,-0.3
1368,1658.8110000000001,12,3.5,15.11,1.12,0.6875,-45.75,-21.375,-1.0322222222222222,-2.3755555555555556,-8.412222222222223,335.9375,-4.5,-91.1875,183730176.0,183844864.0,54575104.0,39075840.0,4.28,5.33,1.33,-0.77,9.77,-0.2
1369,1665.829,7,3.32,15.35,1.82,0.6875,-45.75,-21.375,-0.88,-2.2466666666666666,-8.633333333333333,341.8125,-9.1875,-90.5625,186515456.0,181092352.0,59932672.0,29786112.0,4.89,5.67,1.91,-1.57,9.67,-0.09
1370,1676.648,10,3.12,15.19,1.87,0.6875,-45.75,-21.375,-1.3355555555555556,-2.0211111111111113,-9.0,347.625,-14.125,-89.5625,189333504.0,177455104.0,65634304.0,20430848.0,5.52,5.68,1.81,-2.39,9.5,0.06
1371,1686.711,10,2.9,14.27,1.3,0.6875,-45.75,-21.375,-2.131111111111111,-1.731111111111111,-9.486666666666666,353.375,-19.25,-88.125,192364544.0,172556288.0,71794688.0,11075584.0,6.14,5.02,1.0,-3.23,9.25,0.29
1372,1696.713,10,0.85,11.97,0.18,0.6875,-45.75,-21.375,-2.776666666666667,-1.488888888888889,-9.945555555555556,358.9375,-24.625,-86.1875,195444736.0,166494208.0,78331904.0,1720320.0,4.94,3.08,-0.4,-4.08,8.89,0.59
1373,1708.762,12,-0.86,10.72,-0.15,15.1875,-40.5,-24.5625,-2.962222222222222,-1.3888888888888888,-10.297777777777778,4.5,-30.125,-83.9375,198131712.0,159711232.0,85065728.0,-7831552.0,4.06,2.29,-1.04,-4.92,8.43,0.89
1374,1715.786,7,-2.2,9.36,-0.34,15.1875,-40.5,-24.5625,-2.537777777777778,-1.4466666666666668,-10.514444444444445,10.125,-35.6875,-81.5625,199966720.0,152813568.0,91652096.0,-17776640.0,3.52,1.48,-1.5,-5.72,7.87,1.16
1375,1726.776,10,-3.34,8.34,0.01,15.1875,-40.5,-24.5625,-1.69,-1.6022222222222222,-10.675555555555556,16.0,-41.3125,-79.1875,200720384.0,146227200.0,97894400.0,-28311552.0,3.12,1.1,-1.36,-6.47,7.23,1.37
1376,1736.764,9,-3.25,8.78,0.25,15.1875,-40.5,-24.5625,-0.9511111111111111,-1.7377777777777779,-10.794444444444444,22.1875,-46.8125,-76.5625,200474624.0,139870208.0,103710720.0,-39321600.0,3.89,2.26,-1.3,-7.15,6.52,1.55
1377,1746.798,10,-2.86,8.27,0.11,15.1875,-40.5,-24.5625,-0.7511111111111111,-1.7544444444444445,-10.864444444444445,28.3125,-52.3125,-73.25,199540736.0,133300224.0,109248512.0,-50397184.0,4.89,2.53,-1.6,-7.76,5.74,1.72
1378,1758.778,11,-2.74,7.08,0.43,29.375,-26.375,-27.875,-1.0122222222222221,-1.6533333333333333,-10.893333333333333,34.25,-57.625,-68.75,198148096.0,126107648.0,114671616.0,-61161472.0,5.53,2.18,-1.46,-8.28,4.89,1.89
1379,1766.356,7,-4.0,3.46,1.03,29.375,-26.375,-27.875,-1.231111111111111,-1.5333333333333334,-10.852222222222222,40.0,-62.625,-62.5,196296704.0,118423552.0,119914496.0,-71532544.0,4.7,-0.52,-1.03,-8.71,3.99,2.07
1380,1776.6889999999999,10,-4.73,2.12,0.99,29.375,-26.375,-27.875,-1.0866666666666667,-1.488888888888889,-10.716666666666667,45.625,-67.1875,-53.875,193855488.0,110657536.0,124764160.0,-81625088.0,4.3,-0.94,-1.24,-9.04,3.06,2.23
1381,1786.7679999999998,10,-5.35,0.69,0.96,29.375,-26.375,-27.875,-0.7333333333333333,-1.4955555555555555,-10.45888888888889,51.1875,-70.875,-41.875,190840832.0,103071744.0,129007616.0,-91504640.0,3.91,-1.44,-1.42,-9.26,2.14,2.38
1382,1796.83,10,-5.3,-0.66,0.84,29.375,-26.375,-27.875,-0.32222222222222224,-1.5244444444444445,-10.081111111111111,56.6875,-73.3125,-26.125,187334656.0,95830016.0,132546560.0,-101072896.0,4.08,-1.9,-1.67,-9.39,1.23,2.52
1383,1808.863,12,-5.15,-1.27,0.52,35.5625,-7.375,-31.0625,-0.06555555555555556,-1.5222222222222221,-9.6,61.9375,-74.0625,-8.0625,183517184.0,88899584.0,135446528.0,-110149632.0,4.27,-1.65,-2.13,-9.43,0.37,2.66
1384,1816.19,7,-4.17,-1.79,0.88,35.5625,-7.375,-31.0625,-0.09777777777777778,-1.4322222222222223,-9.04888888888889,66.8125,-73.25,8.8125,179568640.0,82149376.0,137936896.0,-118472704.0,5.21,-1.35,-1.9,-9.39,-0.43,2.79
1385,1826.8020000000001,10,-3.08,-2.15,0.92,35.5625,-7.375,-31.0625,-0.09777777777777778,-1.3177777777777777,-8.434444444444445,71.3125,-71.3125,22.125,175587328.0,75743232.0,140050432.0,-126009344.0,6.2,-0.96,-1.98,-9.29,-1.18,2.9
1386,1836.849,10,-0.99,-3.75,0.53,35.5625,-7.375,-31.0625,-0.10333333333333333,-1.18,-7.7877777777777775,75.4375,-68.8125,31.8125,171622400.0,69713920.0,141836288.0,-132775936.0,8.14,-1.88,-2.47,-9.14,-1.86,3.0
1387,1846.868,10,-0.42,-5.89,0.37,35.5625,-7.375,-31.0625,-0.19777777777777777,-0.9866666666666667,-7.137777777777778,79.125,-66.125,38.8125,167755776.0,64077824.0,143425536.0,-138706944.0,8.54,-3.4,-2.71,-8.96,-2.48,3.08
1388,1858.827,11,-0.03,-8.49,0.4,31.1875,9.6875,-32.25,-0.12222222222222222,-0.7655555555555555,-6.503333333333333,82.5625,-63.4375,43.9375,163938304.0,59015168.0,144818176.0,-143966208.0,8.74,-5.44,-2.74,-8.77,-3.04,3.15
1389,1866.371,7,0.41,-11.01,0.33,31.1875,9.6875,-32.25,0.40555555555555556,-0.5644444444444444,-5.892222222222222,85.8125,-60.9375,47.5625,160120832.0,54870016.0,145686528.0,-148930560.0,8.98,-7.5,-2.87,-8.57,-3.51,3.2
1390,1876.825,10,2.02,-13.01,-0.15,31.1875,9.6875,-32.25,1.2577777777777779,-0.3622222222222222,-5.25,89.0625,-58.625,49.875,156286976.0,51920896.0,145850368.0,-153845760.0,10.4,-9.11,-3.43,-8.37,-3.89,3.28
1391,1886.8590000000002,10,3.2,-12.3,0.08,31.1875,9.6875,-32.25,1.951111111111111,-0.08555555555555555,-4.444444444444445,92.125,-56.75,51.1875,152567808.0,50216960.0,145408000.0,-158466048.0,11.4,-8.12,-3.28,-8.2,-4.18,3.36
1392,1896.85,9,4.39,-12.05,0.59,31.1875,9.6875,-32.25,2.17,0.29444444444444445,-3.371111111111111,94.75,-55.4375,51.875,149291008.0,49676288.0,144769024.0,-162316288.0,12.46,-7.68,-2.83,-8.07,-4.37,3.43
1393,1908.8020000000001,11,5.89,-13.06,1.77,24.5,19.1875,-35.0625,2.0588888888888888,0.7377777777777778,-2.0388888888888888,96.6875,-54.8125,52.1875,146702336.0,50298880.0,144179200.0,-164986880.0,13.91,-8.6,-1.68,-8.01,-4.46,3.46
1394,1915.8500000000001,7,6.51,-14.22,2.06,24.5,19.1875,-35.0625,1.7366666666666666,1.1944444444444444,-0.5744444444444444,97.8125,-54.9375,52.25,145014784.0,52051968.0,143769600.0,-166281216.0,14.54,-9.76,-1.37,-8.03,-4.45,3.44
1395,1926.7749999999999,10,7.05,-14.36,2.27,24.5,19.1875,-35.0625,1.2955555555555556,1.6122222222222222,0.92,98.0,-55.875,52.125,144310272.0,54837248.0,143622144.0,-166133760.0,15.17,-10.02,-1.09,-8.12,-4.34,3.37
1396,1936.814,10,7.39,-13.53,1.96,24.5,19.1875,-35.0625,0.8566666666666667,1.9544444444444444,2.4344444444444444,97.3125,-57.5625,51.6875,144654336.0,58621952.0,143638528.0,-164511744.0,15.67,-9.41,-1.29,-8.28,-4.12,3.25
1397,1946.8529999999998,10,7.84,-11.45,0.98,24.5,19.1875,-35.0625,0.48333333333333334,2.2155555555555555,3.99,95.6875,-60.0,50.75,146096128.0,63389696.0,143638528.0,-161447936.0,16.34,-7.66,-2.11,-8.49,-3.79,3.09
1398,1958.839,11,7.39,-9.96,0.49,20.0625,17.6875,-35.5,0.2777777777777778,2.4077777777777776,5.623333333333333,93.0625,-63.1875,48.75,148619264.0,69238784.0,143343616.0,-156942336.0,16.15,-6.63,-2.41,-8.75,-3.32,2.9
1399,1965.8310000000001,6,6.04,-8.86,0.37,20.0625,17.6875,-35.5,0.16666666666666666,2.5766666666666667,7.394444444444445,89.4375,-67.125,44.9375,152207360.0,76267520.0,142508032.0,-150880256.0,15.08,-6.17,-2.32,-9.03,-2.69,2.69
1400,1976.826,10,3.44,-4.75,1.15,20.0625,17.6875,-35.5,0.2111111111111111,2.688888888888889,9.28888888888889,84.75,-71.5625,37.25,156811264.0,84541440.0,140787712.0,-143179776.0,12.74,-2.87,-1.31,-9.3,-1.87,2.46
1401,1986.7930000000001,9,2.1,-2.43,1.86,20.0625,17.6875,-35.5,0.14666666666666667,2.698888888888889,11.26,78.875,-75.875,21.25,162365440.0,93880320.0,137953280.0,-133611520.0,11.61,-1.56,-0.35,-9.51,-0.86,2.22
1402,1996.826,10,0.98,0.73,2.05,20.0625,17.6875,-35.5,-0.14666666666666667,2.5566666666666666,13.323333333333334,71.625,-78.0625,-9.625,168853504.0,103907328.0,133808128.0,-121831424.0,10.58,0.39,0.05,-9.59,0.33,1.99
1403,2008.7989999999998,11,1.06,5.96,1.73,29.375,12.6875,-34.5,-0.5055555555555555,2.281111111111111,15.506666666666666,62.8125,-75.25,-44.0625,176144384.0,114360320.0,127926272.0,-107659264.0,10.54,4.22,-0.05,-9.48,1.73,1.79
1404,2016.467,7,1.78,15.22,2.98,29.375,12.6875,-34.5,-1.238888888888889,1.9155555555555555,17.87,52.375,-67.9375,-63.3125,184123392.0,124715008.0,120012800.0,-90570752.0,10.87,11.93,1.33,-9.08,3.29,1.65
1405,2026.7930000000001,10,4.1,20.08,3.78,29.375,12.6875,-34.5,-2.417777777777778,1.3322222222222222,20.25777777777778,40.125,-58.0,-71.625,192593920.0,134086656.0,109690880.0,-70352896.0,12.41,15.15,2.14,-8.31,4.92,1.63
1406,2036.817,10,7.81,25.21,5.0,29.375,12.6875,-34.5,-4.14,0.4266666666666667,22.485555555555557,26.3125,-46.375,-74.25,201342976.0,141328384.0,96567296.0,-47071232.0,14.91,18.71,3.16,-7.1,6.5,1.83
1407,2046.8310000000001,10,6.18,24.58,7.51,29.375,12.6875,-34.5,-5.748888888888889,-0.9066666666666666,24.15888888888889,11.8125,-33.625,-73.75,209567744.0,145702912.0,80216064.0,-21774336.0,11.62,16.74,5.24,-5.43,7.83,2.27
1408,2058.91,12,7.66,5.57,5.41,36.0625,-7.75,-28.75,-6.326666666666667,-2.6944444444444446,24.256666666666668,358.4375,-20.6875,-71.625,215941120.0,147308544.0,60948480.0,2899968.0,11.13,-3.12,2.52,-3.46,8.7,2.88
1409,2066.2980000000002,7,17.23,17.46,-4.38,36.0625,-7.75,-28.75,-4.7011111111111115,-4.1466666666666665,21.206666666666667,348.0,-9.0625,-69.5,218939392.0,147881984.0,41566208.0,22986752.0,18.78,8.39,-7.77,-1.55,9.07,3.38
1410,2076.868,10,17.94,20.88,-6.61,36.0625,-7.75,-28.75,-6.328888888888889,-3.9655555555555555,16.215555555555557,340.4375,-0.125,-66.1875,221593600.0,144408576.0,25264128.0,38191104.0,17.97,11.9,-10.56,-0.02,8.97,3.95
1411,2086.89,10,7.7,17.52,-2.19,36.0625,-7.75,-28.75,-5.757777777777778,-3.367777777777778,11.432222222222222,335.5,6.25,-63.0,223444992.0,140050432.0,12795904.0,48513024.0,6.63,8.83,-6.61,1.07,8.68,4.42
1412,2096.861,9,7.54,19.03,-1.23,36.0625,-7.75,-28.75,-0.5033333333333333,-2.542222222222222,8.127777777777778,331.9375,10.8125,-62.5625,221872128.0,140492800.0,4571136.0,55427072.0,5.7,10.48,-5.66,1.84,8.55,4.42
1413,2108.9730000000004,12,7.25,20.92,0.31,9.5625,-29.75,-40.0625,5.273333333333333,-1.3466666666666667,6.05,328.625,14.0625,-65.3125,216629248.0,146423808.0,507904.0,60751872.0,4.86,12.28,-3.65,2.39,8.64,3.97
1414,2116.0739999999996,7,2.53,20.95,6.67,9.5625,-29.75,-40.0625,8.657777777777778,-0.056666666666666664,4.296666666666667,325.4375,16.25,-69.75,209141760.0,155189248.0,-49152.0,65044480.0,-0.21,12.12,3.42,2.74,8.83,3.25
1415,2126.779,10,0.03,20.52,10.04,9.5625,-29.75,-40.0625,9.276666666666667,0.7966666666666666,2.4677777777777776,322.625,17.375,-74.5625,201326592.0,163987456.0,1785856.0,68009984.0,-2.9,11.5,7.55,2.93,9.02,2.48
1416,2136.799,10,-1.3,20.54,11.57,9.5625,-29.75,-40.0625,7.916666666666667,0.9144444444444444,0.6522222222222223,320.8125,17.625,-78.6875,194805760.0,171147264.0,4718592.0,69238784.0,-4.27,11.38,9.74,2.97,9.16,1.82
1417,2146.7909999999997,9,-1.06,20.25,11.82,9.5625,-29.75,-40.0625,5.09,0.4888888888888889,-0.9122222222222223,320.4375,17.125,-81.4375,190889984.0,175636480.0,7585792.0,68648960.0,-3.95,10.99,10.43,2.88,9.26,1.39
1418,2158.785,11,2.08,18.71,9.46,-5.0625,-33.5,-40.375,1.85,-0.19,-2.0633333333333335,321.375,16.0,-82.5,190005248.0,177274880.0,9732096.0,66551808.0,-0.61,9.36,8.24,2.7,9.34,1.22
1419,2165.999,7,4.17,17.89,7.4,-5.0625,-33.5,-40.375,-0.9244444444444444,-0.8433333333333334,-2.761111111111111,323.375,14.5625,-82.1875,191676416.0,176570368.0,11010048.0,63373312.0,1.7,8.49,6.11,2.47,9.4,1.28
1420,2176.765,10,5.01,17.02,5.55,-5.0625,-33.5,-40.375,-2.796666666666667,-1.308888888888889,-3.026666666666667,325.9375,13.0625,-80.875,194969600.0,174227456.0,11501568.0,59654144.0,2.79,7.59,4.04,2.21,9.43,1.5
1421,2186.899,10,3.06,15.22,3.08,-5.0625,-33.5,-40.375,-3.661111111111111,-1.5611111111111111,-2.95,328.625,11.625,-79.125,198868992.0,171065344.0,11468800.0,55820288.0,1.08,5.78,1.27,1.97,9.43,1.8
1422,2196.873,9,1.42,14.26,2.43,-5.0625,-33.5,-40.375,-3.783333333333333,-1.6211111111111112,-2.67,331.125,10.375,-77.3125,202686464.0,167723008.0,11091968.0,52166656.0,-0.34,4.85,0.31,1.76,9.41,2.11
1423,2208.867,11,0.39,13.13,2.04,-2.5,-38.1875,-33.875,-3.3144444444444443,-1.5522222222222222,-2.307777777777778,333.25,9.3125,-75.6875,205930496.0,164757504.0,10616832.0,48873472.0,-1.19,3.75,-0.34,1.59,9.37,2.38
1424,2215.9559999999997,7,0.19,11.94,1.99,-2.5,-38.1875,-33.875,-2.5,-1.3744444444444444,-1.9722222222222223,335.0625,8.5,-74.5,208388096.0,162512896.0,10240000.0,45989888.0,-1.26,2.59,-0.59,1.45,9.34,2.58
1425,2226.871,10,0.69,10.61,2.78,-2.5,-38.1875,-33.875,-1.6088888888888888,-1.1066666666666667,-1.7666666666666666,336.5625,7.75,-73.75,210059264.0,161071104.0,10141696.0,43450368.0,-0.62,1.28,0.07,1.32,9.32,2.71
1426,2236.912,10,0.9,10.65,3.22,-2.5,-38.1875,-33.875,-0.9222222222222223,-0.7622222222222222,-1.7333333333333334,337.875,6.9375,-73.3125,211156992.0,160202752.0,10518528.0,41189376.0,-0.28,1.32,0.43,1.19,9.32,2.79
1427,2246.907,9,1.32,10.87,3.25,-2.5,-38.1875,-33.875,-0.6744444444444444,-0.35555555555555557,-1.8322222222222222,339.0625,6.0625,-73.0,212025344.0,159498240.0,11436032.0,39108608.0,0.28,1.55,0.4,1.03,9.32,2.84
1428,2258.9610000000002,12,1.58,11.06,3.14,-1.5,-34.875,-39.0625,-0.7366666666666667,0.05333333333333334,-1.968888888888889,340.125,5.0,-72.625,212942848.0,158629888.0,12845056.0,37208064.0,0.71,1.74,0.23,0.86,9.32,2.91
1429,2266.004,7,1.4,11.04,2.9,-1.5,-34.875,-39.0625,-0.8044444444444444,0.39,-2.042222222222222,341.125,3.875,-72.1875,213876736.0,157614080.0,14630912.0,35471360.0,0.72,1.72,-0.07,0.67,9.31,2.98
1430,2276.9080000000004,10,1.17,10.9,2.79,-1.5,-34.875,-39.0625,-0.7844444444444445,0.6244444444444445,-2.0044444444444443,342.0,2.75,-71.75,214745088.0,156565504.0,16629760.0,33964032.0,0.69,1.6,-0.26,0.47,9.3,3.05
1431,2286.9579999999996,10,0.84,10.89,2.82,-1.5,-34.875,-39.0625,-0.6455555555555555,0.7422222222222222,-1.8488888888888888,342.75,1.6875,-71.4375,215449600.0,155631616.0,18661376.0,32669696.0,0.55,1.59,-0.29,0.28,9.29,3.11
1432,2296.9680000000003,10,0.0,10.79,3.15,-1.5,-34.875,-39.0625,-0.48,0.78,-1.6044444444444443,343.3125,0.6875,-71.125,215973888.0,154877952.0,20578304.0,31653888.0,-0.13,1.51,0.0,0.12,9.28,3.16
1433,2308.9590000000003,11,-0.08,10.6,3.08,1.5625,-32.5625,-40.25,-0.4022222222222222,0.7544444444444445,-1.3222222222222222,343.75,-0.0625,-70.9375,216399872.0,154206208.0,22249472.0,30883840.0,-0.07,1.33,-0.11,-0.01,9.27,3.19
1434,2316.5119999999997,7,-0.11,10.45,3.07,1.5625,-32.5625,-40.25,-0.4088888888888889,0.6966666666666667,-1.048888888888889,344.0,-0.6875,-70.6875,216776704.0,153583616.0,23674880.0,30359552.0,0.01,1.19,-0.15,-0.12,9.25,3.23
1435,2327.023,10,-0.61,10.13,3.12,1.5625,-32.5625,-40.25,-0.4722222222222222,0.6233333333333333,-0.8077777777777778,344.25,-1.25,-70.4375,217153536.0,152911872.0,24838144.0,30031872.0,-0.39,0.89,-0.15,-0.21,9.24,3.27
1436,2337.082,10,-0.97,10.02,3.09,1.5625,-32.5625,-40.25,-0.5722222222222222,0.54,-0.6111111111111112,344.3125,-1.6875,-70.125,217595904.0,152158208.0,25772032.0,29868032.0,-0.68,0.8,-0.22,-0.28,9.22,3.32
1437,2347.036,9,-1.05,9.81,3.01,1.5625,-32.5625,-40.25,-0.6844444444444444,0.46,-0.4777777777777778,344.4375,-2.0,-69.75,218103808.0,151322624.0,26492928.0,29786112.0,-0.7,0.62,-0.36,-0.34,9.19,3.38
1438,2359.056,12,-0.85,9.51,2.88,4.5625,-31.375,-39.875,-0.8,0.3877777777777778,-0.42,344.5,-2.25,-69.375,218677248.0,150388736.0,27082752.0,29720576.0,-0.46,0.34,-0.56,-0.39,9.17,3.45
1439,2366.355,7,-0.49,9.07,2.69,4.5625,-31.375,-39.875,-0.8511111111111112,0.3244444444444444,-0.43777777777777777,344.5625,-2.5625,-68.875,219316224.0,149405696.0,27607040.0,29622272.0,-0.04,-0.06,-0.82,-0.44,9.14,3.52
1440,2376.954,10,-0.28,8.99,2.51,4.5625,-31.375,-39.875,-0.8255555555555556,0.29333333333333333,-0.5055555555555555,344.75,-2.875,-68.4375,219922432.0,148439040.0,28164096.0,29409280.0,0.21,-0.11,-1.07,-0.49,9.11,3.59
1441,2387.039,10,0.0,8.9,2.41,4.5625,-31.375,-39.875,-0.7577777777777778,0.30333333333333334,-0.5844444444444444,344.9375,-3.25,-68.0,220495872.0,147521536.0,28786688.0,29114368.0,0.56,-0.18,-1.24,-0.55,9.08,3.65
1442,2397.0950000000003,10,0.01,8.74,2.39,4.5625,-31.375,-39.875,-0.6344444444444445,0.3466666666666667,-0.6455555555555555,345.125,-3.625,-67.6875,220987392.0,146718720.0,29507584.0,28753920.0,0.64,-0.3,-1.31,-0.62,9.05,3.71
1443,2409.167,12,0.0,8.44,2.35,5.375,-30.25,-41.875,-0.4711111111111111,0.4077777777777778,-0.6688888888888889,345.3125,-4.0625,-67.4375,221347840.0,146063360.0,30343168.0,28409856.0,0.69,-0.59,-1.39,-0.69,9.03,3.74
1444,2416.269,7,0.03,8.27,2.28,5.375,-30.25,-41.875,-0.31666666666666665,0.4777777777777778,-0.6611111111111111,345.5,-4.5,-67.25,221577216.0,145571840.0,31260672.0,28098560.0,0.8,-0.74,-1.49,-0.77,9.01,3.77
1445,2427.06,10,-0.09,8.08,2.23,5.375,-30.25,-41.875,-0.17333333333333334,0.55,-0.6233333333333333,345.625,-4.9375,-67.1875,221708288.0,145227776.0,32243712.0,27836416.0,0.75,-0.92,-1.54,-0.84,9.0,3.78
1446,2437.148,10,-0.66,7.67,2.42,5.375,-30.25,-41.875,-0.042222222222222223,0.6033333333333334,-0.5644444444444444,345.75,-5.3125,-67.1875,221708288.0,145014784.0,33275904.0,27672576.0,0.25,-1.32,-1.35,-0.91,9.0,3.78
1447,2447.0640000000003,9,-0.84,7.55,2.54,5.375,-30.25,-41.875,0.09222222222222222,0.6277777777777778,-0.4911111111111111,345.8125,-5.6875,-67.25,221609984.0,144949248.0,34275328.0,27574272.0,0.13,-1.45,-1.22,-0.98,9.0,3.76
1448,2459.029,11,-0.93,7.49,2.59,8.0,-28.75,-41.0625,0.18555555555555556,0.6277777777777778,-0.4111111111111111,345.8125,-6.0625,-67.375,221429760.0,144998400.0,35258368.0,27541504.0,0.1,-1.51,-1.15,-1.03,9.0,3.74
1449,2466.07,7,-0.92,7.51,2.61,8.0,-28.75,-41.0625,0.23666666666666666,0.6155555555555555,-0.3322222222222222,345.75,-6.3125,-67.5625,221216768.0,145096704.0,36159488.0,27574272.0,0.16,-1.49,-1.1,-1.08,9.0,3.71
1450,2477.6910000000003,11,-0.83,7.38,2.81,8.0,-28.75,-41.0625,0.25222222222222224,0.5811111111111111,-0.2644444444444444,345.6875,-6.5625,-67.6875,220971008.0,145244160.0,36978688.0,27656192.0,0.29,-1.62,-0.87,-1.13,9.01,3.69
1451,2487.605,9,-0.86,7.44,2.93,8.0,-28.75,-41.0625,0.25666666666666665,0.5144444444444445,-0.21222222222222223,345.625,-6.8125,-67.875,220725248.0,145408000.0,37699584.0,27738112.0,0.29,-1.57,-0.73,-1.16,9.02,3.66
1452,2497.09,9,-0.82,7.72,3.0,8.0,-28.75,-41.0625,0.25222222222222224,0.4211111111111111,-0.16777777777777778,345.5625,-7.0,-68.0,220495872.0,145588224.0,38305792.0,27803648.0,0.37,-1.3,-0.63,-1.19,9.02,3.63
1453,2509.04,11,-1.11,7.99,3.3,8.25,-28.0625,-41.0625,0.17777777777777778,0.3277777777777778,-0.10333333333333333,345.5625,-7.125,-68.125,220332032.0,145719296.0,38731776.0,27885568.0,0.09,-1.03,-0.31,-1.21,9.03,3.61
1454,2516.1220000000003,7,-1.24,8.04,3.34,8.25,-28.0625,-41.0625,0.07111111111111111,0.2222222222222222,-0.024444444444444446,345.5,-7.125,-68.1875,220250112.0,145752064.0,38993920.0,28000256.0,-0.02,-0.98,-0.26,-1.22,9.03,3.61
1455,2527.05,10,-1.35,8.01,3.36,8.25,-28.0625,-41.0625,-0.015555555555555555,0.12111111111111111,0.05444444444444444,345.375,-7.125,-68.1875,220233728.0,145735680.0,39092224.0,28147712.0,-0.13,-1.02,-0.24,-1.22,9.03,3.61
1456,2537.09,10,-1.37,7.82,3.35,8.25,-28.0625,-41.0625,-0.05444444444444444,0.023333333333333334,0.11777777777777777,345.3125,-7.125,-68.1875,220250112.0,145686528.0,39026688.0,28311552.0,-0.16,-1.2,-0.25,-1.21,9.03,3.61
1457,2547.069,9,-1.28,7.91,3.62,8.25,-28.0625,-41.0625,-0.06,-0.06444444444444444,0.14666666666666667,345.25,-7.0,-68.125,220282880.0,145670144.0,38846464.0,28426240.0,-0.08,-1.12,0.0,-1.2,9.03,3.62
1458,2559.032,11,-1.2,8.08,3.76,9.75,-28.75,-39.875,-0.05555555555555555,-0.1388888888888889,0.15666666666666668,345.25,-6.875,-68.125,220315648.0,145653760.0,38584320.0,28508160.0,-0.02,-0.95,0.13,-1.18,9.03,3.62
1459,2566.688,7,-1.11,8.29,3.99,9.75,-28.75,-39.875,-0.1,-0.18333333333333332,0.16555555555555557,345.1875,-6.75,-68.0625,220397568.0,145604608.0,38256640.0,28573696.0,0.04,-0.74,0.35,-1.16,9.03,3.63
1460,2577.0080000000003,10,-1.0,8.72,4.34,9.75,-28.75,-39.875,-0.19555555555555557,-0.21555555555555556,0.18333333333333332,345.1875,-6.625,-67.9375,220545024.0,145457152.0,37879808.0,28639232.0,0.13,-0.29,0.68,-1.13,9.02,3.65
1461,2587.37,10,-0.9,8.98,4.29,9.75,-28.75,-39.875,-0.29,-0.24,0.22,345.125,-6.5,-67.75,220758016.0,145227776.0,37437440.0,28770304.0,0.2,-0.03,0.6,-1.11,9.01,3.68
1462,2597.103,9,-0.81,8.85,4.19,9.75,-28.75,-39.875,-0.3933333333333333,-0.2411111111111111,0.25333333333333335,345.0625,-6.3125,-67.5,221036544.0,144900096.0,36945920.0,28934144.0,0.26,-0.15,0.47,-1.08,9.0,3.72
1463,2609.112,12,-0.77,8.61,4.22,11.0,-29.5625,-39.875,-0.4066666666666667,-0.22,0.27444444444444444,344.9375,-6.125,-67.3125,221331456.0,144539648.0,36470784.0,29147136.0,0.27,-0.37,0.46,-1.05,8.99,3.75
1464,2616.531,7,-0.94,8.94,4.32,11.0,-29.5625,-39.875,-0.23666666666666666,-0.2111111111111111,0.2811111111111111,344.875,-5.9375,-67.1875,221478912.0,144375808.0,36028416.0,29327360.0,0.07,-0.04,0.54,-1.01,8.99,3.77
1465,2627.086,10,-0.96,9.22,4.45,11.0,-29.5625,-39.875,-0.015555555555555555,-0.19,0.3011111111111111,344.8125,-5.75,-67.125,221478912.0,144441344.0,35618816.0,29523968.0,0.02,0.22,0.67,-0.98,8.99,3.78
1466,2637.112,10,-0.98,9.48,4.65,11.0,-29.5625,-39.875,0.13666666666666666,-0.14222222222222222,0.3233333333333333,344.6875,-5.5625,-67.25,221364224.0,144654336.0,35258368.0,29736960.0,-0.03,0.48,0.87,-0.95,9.0,3.77
1467,2647.17,10,-1.08,9.59,4.83,11.0,-29.5625,-39.875,0.18444444444444444,-0.07333333333333333,0.33,344.5,-5.375,-67.3125,221216768.0,144916480.0,34979840.0,29999104.0,-0.16,0.57,1.08,-0.92,9.01,3.75
1468,2659.1459999999997,11,-1.01,9.6,4.86,7.1875,-28.375,-39.875,0.17,0.0033333333333333335,0.29333333333333333,344.375,-5.25,-67.4375,221052928.0,145145856.0,34799616.0,30294016.0,-0.11,0.58,1.11,-0.89,9.01,3.74
1469,2666.433,7,-0.95,9.6,4.84,7.1875,-28.375,-39.875,0.1288888888888889,0.07555555555555556,0.21333333333333335,344.25,-5.125,-67.5,220921856.0,145293312.0,34750464.0,30539776.0,-0.06,0.58,1.11,-0.88,9.02,3.73
1470,2677.0710000000004,10,-0.91,9.61,4.85,7.1875,-28.375,-39.875,0.06333333333333334,0.14333333333333334,0.10444444444444445,344.125,-5.125,-67.5625,220839936.0,145358848.0,34848768.0,30736384.0,-0.03,0.58,1.13,-0.87,9.02,3.72
1471,2687.123,10,-1.0,9.73,4.8,7.1875,-28.375,-39.875,-0.006666666666666667,0.19555555555555557,-0.013333333333333334,344.0625,-5.125,-67.5625,220807168.0,145326080.0,35061760.0,30867456.0,-0.12,0.7,1.08,-0.88,9.02,3.72
1472,2697.166,10,-1.08,9.73,4.65,7.1875,-28.375,-39.875,-0.06111111111111111,0.2288888888888889,-0.11222222222222222,344.0,-5.25,-67.5625,220823552.0,145211392.0,35373056.0,30916608.0,-0.17,0.71,0.92,-0.9,9.02,3.72
1473,2709.116,11,-1.13,9.73,4.43,8.6875,-28.75,-41.0625,-0.06333333333333334,0.26222222222222225,-0.18222222222222223,344.0625,-5.375,-67.5,220856320.0,145080320.0,35766272.0,30916608.0,-0.2,0.71,0.7,-0.92,9.02,3.72
1474,2716.262,7,-1.17,9.89,4.23,8.6875,-28.75,-41.0625,-0.024444444444444446,0.2922222222222222,-0.22,344.0625,-5.5625,-67.5,220856320.0,144965632.0,36225024.0,30883840.0,-0.21,0.87,0.5,-0.95,9.01,3.72
1475,2727.147,10,-1.24,9.97,4.17,8.6875,-28.75,-41.0625,0.008888888888888889,0.33444444444444443,-0.22555555555555556,344.0625,-5.75,-67.5,220823552.0,144883712.0,36732928.0,30883840.0,-0.25,0.95,0.44,-0.98,9.01,3.72
1476,2737.205,10,-1.28,9.93,4.13,8.6875,-28.75,-41.0625,0.013333333333333334,0.38666666666666666,-0.20777777777777778,344.0,-5.9375,-67.5625,220774400.0,144801792.0,37273600.0,30932992.0,-0.26,0.91,0.41,-1.02,9.01,3.72
1477,2747.1730000000002,9,-1.24,9.82,4.07,8.6875,-28.75,-41.0625,0.0022222222222222222,0.43333333333333335,-0.17888888888888888,343.9375,-6.125,-67.5625,220725248.0,144703488.0,37847040.0,31031296.0,-0.19,0.81,0.35,-1.05,9.01,3.71
1478,2760.499,13,-1.16,9.65,3.9,9.0625,-28.375,-40.25,0.0044444444444444444,0.4677777777777778,-0.15333333333333332,344.5,-6.3125,-67.5625,220839936.0,144818176.0,37650432.0,29982720.0,-0.08,0.64,0.19,-1.08,9.01,3.71
1479,2767.646,7,-1.27,9.54,3.85,9.0625,-28.375,-40.25,0.012222222222222223,0.4988888888888889,-0.12666666666666668,344.375,-6.4375,-67.625,220758016.0,144736256.0,38273024.0,30195712.0,-0.16,0.53,0.15,-1.1,9.01,3.7
1480,2776.973,9,-1.4,9.42,3.79,9.0625,-28.375,-40.25,0.0044444444444444444,0.5211111111111111,-0.10666666666666667,344.25,-6.625,-67.625,220676096.0,144654336.0,38895616.0,30441472.0,-0.26,0.41,0.09,-1.13,9.01,3.7
1481,2787.052,10,-1.55,9.35,3.77,9.0625,-28.375,-40.25,-0.0044444444444444444,0.54,-0.08444444444444445,344.125,-6.8125,-67.6875,220577792.0,144556032.0,39518208.0,30720000.0,-0.39,0.34,0.08,-1.16,9.0,3.69
1482,2797.161,10,-1.59,9.37,3.7,9.0625,-28.375,-40.25,-0.03,0.55,-0.057777777777777775,343.9375,-6.9375,-67.6875,220512256.0,144424960.0,40124416.0,31031296.0,-0.4,0.36,0.01,-1.18,9.0,3.69
1483,2810.333,13,-1.57,9.3,3.54,11.25,-28.375,-40.75,-0.06777777777777778,0.5644444444444444,-0.028888888888888888,344.1875,-7.0625,-67.6875,220577792.0,144424960.0,40173568.0,30556160.0,-0.36,0.29,-0.14,-1.21,9.0,3.69
1484,2817.967,7,-1.52,9.17,3.39,11.25,-28.375,-40.75,-0.09,0.5833333333333334,-0.0077777777777777776,344.0,-7.1875,-67.6875,220528640.0,144244736.0,40763392.0,30965760.0,-0.29,0.17,-0.29,-1.23,9.0,3.69
1485,2827.698,9,-1.34,9.02,3.06,11.25,-28.375,-40.75,-0.07111111111111111,0.5988888888888889,0.0044444444444444444,343.75,-7.3125,-67.6875,220446720.0,144080896.0,41385984.0,31391744.0,-0.09,0.02,-0.62,-1.25,8.99,3.69
1486,2837.117,9,-1.41,8.95,3.05,11.25,-28.375,-40.75,-0.0011111111111111111,0.5944444444444444,0.015555555555555555,343.5625,-7.4375,-67.6875,220332032.0,143998976.0,41992192.0,31817728.0,-0.14,-0.04,-0.63,-1.27,8.99,3.68
1487,2847.208,10,-1.5,8.93,3.06,11.25,-28.375,-40.75,0.12444444444444444,0.5844444444444444,0.03,343.3125,-7.5,-67.8125,220119040.0,144048128.0,42614784.0,32227328.0,-0.21,-0.06,-0.6,-1.28,9.0,3.66
1488,2860.443,13,-1.54,8.98,3.12,12.0625,-29.1875,-40.75,0.2511111111111111,0.5688888888888889,0.03777777777777778,343.5625,-7.625,-68.0,219971584.0,144408576.0,42614784.0,31703040.0,-0.24,-0.03,-0.5,-1.3,9.01,3.63
1489,2867.8140000000003,7,-1.61,9.03,3.19,12.0625,-29.1875,-40.75,0.29888888888888887,0.5455555555555556,0.04555555555555556,343.375,-7.6875,-68.1875,219643904.0,144637952.0,43204608.0,32063488.0,-0.29,0.01,-0.41,-1.32,9.02,3.6
1490,2877.446,9,-1.59,9.0,3.21,12.0625,-29.1875,-40.75,0.27444444444444444,0.5233333333333333,0.04777777777777778,343.1875,-7.8125,-68.375,219332608.0,144850944.0,43761664.0,32407552.0,-0.25,-0.02,-0.36,-1.33,9.03,3.57
1491,2888.064,10,-1.58,8.98,3.17,12.0625,-29.1875,-40.75,0.21333333333333335,0.5,0.04111111111111111,343.0,-7.9375,-68.625,218955776.0,145162240.0,44482560.0,32636928.0,-0.22,-0.05,-0.35,-1.36,9.04,3.53
1492,2898.103,10,-1.59,9.02,3.16,12.0625,-29.1875,-40.75,0.14888888888888888,0.47,0.03666666666666667,342.875,-8.0625,-68.875,218628096.0,145391616.0,45137920.0,32866304.0,-0.2,-0.03,-0.33,-1.38,9.05,3.49
1493,2911.3790000000004,13,-1.46,8.96,3.1,12.75,-29.1875,-39.5625,0.09888888888888889,0.43333333333333335,0.03666666666666667,343.1875,-8.1875,-69.0,218497024.0,145752064.0,45121536.0,32260096.0,-0.06,-0.1,-0.36,-1.4,9.06,3.47
1494,2918.7799999999997,7,-1.32,8.92,2.96,12.75,-29.1875,-39.5625,0.08222222222222222,0.39666666666666667,0.034444444444444444,343.0,-8.25,-69.1875,218218496.0,145948672.0,45596672.0,32522240.0,0.08,-0.14,-0.47,-1.41,9.07,3.44
1495,2927.495,8,-1.31,8.86,2.89,12.75,-29.1875,-39.5625,0.08666666666666667,0.36,0.022222222222222223,342.875,-8.3125,-69.375,217939968.0,146178048.0,46022656.0,32751616.0,0.11,-0.21,-0.51,-1.42,9.08,3.41
1496,2938.0730000000003,10,-1.32,8.73,2.96,12.75,-29.1875,-39.5625,0.09777777777777778,0.3244444444444444,0.0033333333333333335,342.75,-8.375,-69.5,217694208.0,146374656.0,46399488.0,32964608.0,0.1,-0.35,-0.42,-1.43,9.08,3.38
1497,2948.091,10,-1.25,8.78,2.97,12.75,-29.1875,-39.5625,0.11,0.29555555555555557,-0.025555555555555557,342.625,-8.4375,-69.6875,217481216.0,146554880.0,46743552.0,33128448.0,0.18,-0.31,-0.39,-1.44,9.09,3.36
1498,2961.2850000000003,13,-1.24,8.76,2.98,14.0,-29.5625,-38.6875,0.09444444444444444,0.2633333333333333,-0.052222222222222225,342.9375,-8.5,-69.75,217415680.0,146833408.0,46563328.0,32522240.0,0.21,-0.34,-0.35,-1.45,9.1,3.34
1499,2969.0750000000003,7,-1.2,8.67,3.01,14.0,-29.5625,-38.6875,0.06888888888888889,0.24333333333333335,-0.07222222222222222,342.875,-8.5625,-69.8125,217317376.0,146882560.0,46874624.0,32620544.0,0.26,-0.43,-0.32,-1.46,9.1,3.33
1500,2977.8669999999997,8,-1.2,8.67,3.01,14.0,-29.5625,-38.6875,0.043333333333333335,0.22,-0.09,342.875,-8.6875,-69.875,217235456.0,146882560.0,47153152.0,32686080.0,0.27,-0.42,-0.31,-1.48,9.1,3.32
1501,2988.1000000000004,10,-1.21,8.72,3.04,14.0,-29.5625,-38.6875,0.0011111111111111111,0.20333333333333334,-0.09333333333333334,342.8125,-8.75,-69.9375,217186304.0,146849792.0,47415296.0,32735232.0,0.27,-0.38,-0.28,-1.49,9.1,3.32
1502,2998.144,10,-1.19,8.71,3.04,14.0,-29.5625,-38.6875,-0.06444444444444444,0.18777777777777777,-0.07222222222222222,342.75,-8.8125,-69.875,217186304.0,146767872.0,47628288.0,32817152.0,0.31,-0.38,-0.28,-1.5,9.1,3.32
1503,0.0,0,-4.42,8.24,2.85,44.5625,-19.375,-11.6875,0.07888888888888888,-0.6066666666666667,-0.33555555555555555,302.3125,-26.6875,-71.4375,188416000.0,87851008.0,134430720.0,103759872.0,0.0,-0.05,0.06,-4.41,8.3,2.78
1504,8.116,8,-4.39,8.32,2.89,44.5625,-19.375,-11.6875,0.15777777777777777,-0.6411111111111111,-0.31777777777777777,302.75,-26.75,-71.3125,188923904.0,88096768.0,134070272.0,103104512.0,0.02,0.02,0.09,-4.42,8.29,2.8
1505,16.525000000000002,8,-4.4,8.42,2.95,44.875,-19.0625,-13.0,0.17333333333333334,-0.6644444444444444,-0.29,303.125,-26.8125,-71.1875,189415424.0,88391680.0,133677056.0,102449152.0,0.01,0.13,0.13,-4.42,8.28,2.81
1506,24.619,8,-4.46,8.7,2.93,44.875,-19.0625,-13.0,0.14888888888888888,-0.6811111111111111,-0.24444444444444444,303.5625,-26.8125,-71.0625,189906944.0,88702976.0,133234688.0,101859328.0,-0.03,0.42,0.1,-4.42,8.27,2.83
1507,34.472,9,-4.48,8.75,2.92,44.875,-19.0625,-13.0,0.09,-0.7011111111111111,-0.18888888888888888,303.9375,-26.8125,-70.9375,190398464.0,89014272.0,132726784.0,101318656.0,-0.06,0.48,0.07,-4.42,8.27,2.85
1508,44.463,9,-4.44,8.66,2.94,44.875,-19.0625,-13.0,0.015555555555555555,-0.7111111111111111,-0.13777777777777778,304.25,-26.75,-70.75,190906368.0,89276416.0,132153344.0,100892672.0,-0.02,0.39,0.06,-4.41,8.26,2.88
1509,54.667,10,-4.54,8.55,2.93,44.875,-19.0625,-13.0,-0.05,-0.7155555555555555,-0.10777777777777778,304.5625,-26.625,-70.5,191430656.0,89505792.0,131514368.0,100515840.0,-0.14,0.28,0.01,-4.4,8.26,2.91
1510,66.384,11,-4.59,8.45,2.9,41.5625,-18.6875,-10.5625,-0.08888888888888889,-0.7266666666666667,-0.10777777777777778,304.875,-26.5625,-70.25,191971328.0,89702400.0,130859008.0,100171776.0,-0.2,0.2,-0.04,-4.39,8.25,2.95
1511,73.884,7,-4.62,8.51,2.93,41.5625,-18.6875,-10.5625,-0.1111111111111111,-0.7388888888888889,-0.13666666666666666,305.1875,-26.5,-70.0,192544768.0,89866240.0,130187264.0,99794944.0,-0.24,0.26,-0.05,-4.38,8.24,2.99
1512,85.343,11,-4.61,8.56,2.89,41.5625,-18.6875,-10.5625,-0.13777777777777778,-0.7555555555555555,-0.19777777777777777,305.5,-26.5,-69.75,193150976.0,89980928.0,129531904.0,99368960.0,-0.23,0.33,-0.13,-4.37,8.23,3.03
1513,94.959,9,-4.74,8.73,2.89,41.5625,-18.6875,-10.5625,-0.16777777777777778,-0.7855555555555556,-0.2722222222222222,305.9375,-26.4375,-69.4375,193822720.0,90046464.0,128860160.0,98877440.0,-0.37,0.51,-0.18,-4.37,8.21,3.07
1514,105.05499999999999,10,-4.8,8.84,2.88,41.5625,-18.6875,-10.5625,-0.23555555555555555,-0.8222222222222222,-0.3522222222222222,306.375,-26.5,-69.0625,194576384.0,90013696.0,128172032.0,98320384.0,-0.42,0.65,-0.24,-4.37,8.19,3.12
1515,117.044,11,-4.81,8.83,2.82,42.6875,-18.6875,-14.1875,-0.31555555555555553,-0.8611111111111112,-0.42333333333333334,306.8125,-26.5625,-68.6875,195395584.0,89882624.0,127467520.0,97730560.0,-0.42,0.66,-0.36,-4.38,8.17,3.18
1516,124.22999999999999,7,-4.79,8.62,2.65,42.6875,-18.6875,-14.1875,-0.3877777777777778,-0.9188888888888889,-0.47888888888888886,307.3125,-26.625,-68.25,196280320.0,89702400.0,126713856.0,97107968.0,-0.39,0.48,-0.58,-4.39,8.14,3.24
1517,134.698,10,-4.75,8.51,2.59,42.6875,-18.6875,-14.1875,-0.41333333333333333,-0.9722222222222222,-0.5288888888888889,307.875,-26.6875,-67.75,197214208.0,89505792.0,125927424.0,96403456.0,-0.34,0.4,-0.71,-4.41,8.1,3.3
1518,144.184,9,-4.72,8.36,2.54,42.6875,-18.6875,-14.1875,-0.3933333333333333,-1.0433333333333332,-0.5777777777777777,308.4375,-26.75,-67.25,198279168.0,89260032.0,125009920.0,95649792.0,-0.29,0.29,-0.83,-4.42,8.07,3.38
1519,154.228,10,-4.68,8.26,2.53,42.6875,-18.6875,-14.1875,-0.35777777777777775,-1.1266666666666667,-0.6311111111111111,309.125,-26.875,-66.6875,199376896.0,89063424.0,124059648.0,94781440.0,-0.25,0.22,-0.91,-4.43,8.03,3.45
1520,166.146,11,-4.71,8.59,2.56,39.0,-18.6875,-15.0,-0.3333333333333333,-1.21,-0.6866666666666666,309.8125,-26.9375,-66.125,200540160.0,88883200.0,123043840.0,93814784.0,-0.26,0.6,-0.96,-4.44,7.99,3.53
1521,173.22199999999998,7,-4.81,8.69,2.52,39.0,-18.6875,-15.0,-0.35555555555555557,-1.3022222222222222,-0.7344444444444445,310.5625,-27.0,-65.5,201768960.0,88686592.0,121946112.0,92766208.0,-0.35,0.74,-1.09,-4.45,7.95,3.61
1522,185.128,11,-4.86,8.72,2.5,39.0,-18.6875,-15.0,-0.43666666666666665,-1.3966666666666667,-0.7655555555555555,311.375,-27.0625,-64.9375,202981376.0,88555520.0,120881152.0,91652096.0,-0.39,0.81,-1.18,-4.46,7.9,3.69
1523,195.104,9,-4.87,8.46,2.28,39.0,-18.6875,-15.0,-0.5433333333333333,-1.5066666666666666,-0.7855555555555556,312.1875,-27.125,-64.25,204341248.0,88309760.0,119603200.0,90537984.0,-0.4,0.6,-1.5,-4.47,7.85,3.79
1524,205.637,10,-4.86,8.34,2.23,39.0,-18.6875,-15.0,-0.63,-1.6166666666666667,-0.81,313.0,-27.125,-63.375,205848576.0,87932928.0,118112256.0,89423872.0,-0.38,0.54,-1.66,-4.47,7.8,3.9
1525,216.053,10,-4.83,8.28,2.15,40.75,-18.0,-18.25,-0.67,-1.721111111111111,-0.8455555555555555,313.875,-27.125,-62.5,207454208.0,87539712.0,116506624.0,88244224.0,-0.36,0.54,-1.87,-4.47,7.74,4.02
1526,223.675,7,-4.89,8.24,2.15,40.75,-18.0,-18.25,-0.6866666666666666,-1.8155555555555556,-0.8955555555555555,314.8125,-27.0625,-61.5625,209108992.0,87113728.0,114786304.0,86982656.0,-0.42,0.56,-1.99,-4.47,7.67,4.15
1527,234.13400000000001,10,-5.11,8.47,2.02,40.75,-18.0,-18.25,-0.7322222222222222,-1.91,-0.9522222222222222,315.75,-27.0625,-60.5625,210829312.0,86654976.0,112967680.0,85639168.0,-0.64,0.86,-2.26,-4.46,7.6,4.28
1528,244.19299999999998,10,-5.31,8.51,1.95,40.75,-18.0,-18.25,-0.8155555555555556,-2.0166666666666666,-1.0077777777777779,316.75,-26.9375,-59.5,212647936.0,86114304.0,111034368.0,84246528.0,-0.86,0.98,-2.48,-4.45,7.52,4.43
1529,254.208,10,-5.46,8.73,1.91,40.75,-18.0,-18.25,-0.8844444444444445,-2.1566666666666667,-1.0533333333333332,317.8125,-26.875,-58.3125,214548480.0,85524480.0,108920832.0,82755584.0,-1.03,1.28,-2.67,-4.43,7.44,4.58
1530,266.166,11,-5.62,8.85,1.85,37.875,-15.6875,-20.6875,-0.9033333333333333,-2.3222222222222224,-1.0888888888888888,318.875,-26.6875,-57.125,216530944.0,84934656.0,106627072.0,81166336.0,-1.22,1.49,-2.88,-4.4,7.36,4.74
1531,273.51300000000003,7,-5.59,8.58,1.95,37.875,-15.6875,-20.6875,-0.8633333333333333,-2.493333333333333,-1.13,320.0,-26.4375,-55.9375,218562560.0,84426752.0,104185856.0,79413248.0,-1.22,1.3,-2.95,-4.37,7.27,4.91
1532,284.312,10,-5.51,8.48,2.1,37.875,-15.6875,-20.6875,-0.7488888888888889,-2.6622222222222223,-1.1955555555555555,321.25,-26.1875,-54.75,220610560.0,84049920.0,101597184.0,77479936.0,-1.19,1.29,-2.96,-4.32,7.18,5.07
1533,294.264,9,-5.52,8.43,2.24,37.875,-15.6875,-20.6875,-0.5766666666666667,-2.821111111111111,-1.3077777777777777,322.625,-25.8125,-53.625,222658560.0,83853312.0,98942976.0,75251712.0,-1.25,1.32,-2.98,-4.27,7.1,5.22
1534,304.298,10,-5.71,8.68,2.63,37.875,-15.6875,-20.6875,-0.4388888888888889,-2.962222222222222,-1.44,324.125,-25.5,-52.5625,224706560.0,83755008.0,96206848.0,72744960.0,-1.48,1.66,-2.74,-4.22,7.02,5.37
1535,316.236,11,-5.86,8.89,2.75,36.6875,-13.0625,-27.6875,-0.3988888888888889,-3.082222222222222,-1.5755555555555556,325.6875,-25.125,-51.4375,226787328.0,83656704.0,93388800.0,70008832.0,-1.69,1.95,-2.77,-4.17,6.94,5.52
1536,323.355,7,-5.98,8.82,2.87,36.6875,-13.0625,-27.6875,-0.5066666666666667,-3.1844444444444444,-1.6744444444444444,327.25,-24.75,-50.25,228933632.0,83427328.0,90456064.0,67141632.0,-1.87,1.97,-2.81,-4.11,6.85,5.68
1537,333.98299999999995,10,-6.05,8.83,2.87,36.6875,-13.0625,-27.6875,-0.7077777777777777,-3.281111111111111,-1.7277777777777779,328.875,-24.3125,-49.0,231129088.0,82935808.0,87326720.0,64258048.0,-2.0,2.08,-2.97,-4.04,6.74,5.85
1538,344.242,10,-6.38,9.18,2.99,36.6875,-13.0625,-27.6875,-0.8911111111111111,-3.3866666666666667,-1.731111111111111,330.5,-23.8125,-47.625,233373696.0,82264064.0,84000768.0,61374464.0,-2.42,2.55,-3.04,-3.96,6.62,6.04
1539,354.281,10,-6.54,9.07,3.08,36.6875,-13.0625,-27.6875,-1.0322222222222222,-3.468888888888889,-1.681111111111111,332.0625,-23.1875,-46.1875,235618304.0,81444864.0,80494592.0,58556416.0,-2.68,2.56,-3.15,-3.86,6.5,6.23
1540,366.27700000000004,11,-6.64,8.78,3.3,30.75,-10.1875,-31.25,-0.9877777777777778,-3.5444444444444443,-1.5544444444444445,333.5625,-22.4375,-44.8125,237748224.0,80707584.0,76840960.0,55820288.0,-2.9,2.39,-3.12,-3.74,6.39,6.42
1541,373.327,7,-6.41,8.3,3.71,30.75,-10.1875,-31.25,-0.9877777777777778,-3.5444444444444443,-1.5544444444444445,335.0,-21.625,-43.5,239779840.0,79953920.0,73154560.0,53051392.0,-2.79,2.02,-2.89,-3.62,6.27,6.6
1542,384.275,10,-6.25,8.01,4.04,30.75,-10.1875,-31.25,-0.7777777777777778,-3.5155555555555558,-1.5266666666666666,336.5,-20.8125,-42.3125,241647616.0,79413248.0,69517312.0,50233344.0,-2.76,1.84,-2.72,-3.48,6.17,6.77
1543,394.243,9,-6.09,7.56,4.39,30.75,-10.1875,-31.25,-0.4911111111111111,-3.46,-1.518888888888889,337.9375,-19.9375,-41.375,243302400.0,79151104.0,65994752.0,47349760.0,-2.74,1.47,-2.51,-3.35,6.09,6.91
1544,404.255,10,-5.99,7.28,4.78,30.75,-10.1875,-31.25,-0.1,-3.4133333333333336,-1.501111111111111,339.4375,-19.0625,-40.625,244711424.0,79331328.0,62586880.0,44351488.0,-2.78,1.24,-2.24,-3.21,6.03,7.02
1545,416.283,12,-5.75,7.68,5.58,25.1875,-6.6875,-38.25,0.7966666666666666,-3.361111111111111,-1.3433333333333333,340.875,-18.1875,-40.5,245645312.0,80543744.0,59342848.0,41271296.0,-2.69,1.63,-1.5,-3.06,6.05,7.08
1546,423.93399999999997,7,-5.85,8.25,6.12,25.1875,-6.6875,-38.25,0.7966666666666666,-3.361111111111111,-1.3433333333333333,342.375,-17.25,-40.375,246513664.0,81739776.0,56082432.0,38191104.0,-2.93,2.19,-1.0,-2.91,6.06,7.13
1547,434.14799999999997,10,-5.98,8.82,6.77,25.1875,-6.6875,-38.25,1.0977777777777777,-3.3222222222222224,-1.1566666666666667,343.75,-16.25,-40.4375,247152640.0,83312640.0,52822016.0,35241984.0,-3.22,2.71,-0.38,-2.75,6.11,7.15
1548,444.229,10,-5.77,8.82,7.89,25.1875,-6.6875,-38.25,1.2522222222222221,-3.2577777777777777,-0.9211111111111111,345.0,-15.25,-40.6875,247595008.0,85082112.0,49561600.0,32555008.0,-3.18,2.65,0.72,-2.58,6.17,7.16
1549,454.279,10,-5.05,8.72,8.21,25.1875,-6.6875,-38.25,1.47,-3.151111111111111,-0.7166666666666667,346.125,-14.25,-41.125,247808000.0,87130112.0,46366720.0,30081024.0,-2.64,2.46,1.06,-2.41,6.25,7.15
1550,466.281,12,-4.29,8.57,8.61,20.375,-5.5625,-44.0625,1.758888888888889,-2.7511111111111113,-0.69,347.1875,-13.375,-41.75,247758848.0,89423872.0,43663360.0,27738112.0,-2.02,2.21,1.5,-2.26,6.36,7.11
1551,473.63,7,-3.64,8.29,8.99,20.375,-5.5625,-44.0625,1.758888888888889,-2.7511111111111113,-0.69,348.25,-12.5,-42.4375,247644160.0,91701248.0,40943616.0,25395200.0,-1.51,1.82,1.93,-2.12,6.46,7.06
1552,484.23,10,-2.95,8.14,10.14,20.375,-5.5625,-44.0625,1.4733333333333334,-2.3044444444444445,-1.1155555555555556,349.4375,-12.0,-42.9375,247562240.0,93487104.0,38895616.0,22790144.0,-0.91,1.6,3.13,-2.04,6.54,7.01
1553,494.269,10,-2.83,8.85,10.6,20.375,-5.5625,-44.0625,1.1,-2.2311111111111113,-1.3311111111111111,350.75,-11.5625,-43.25,247611392.0,94765056.0,36978688.0,20021248.0,-0.86,2.26,3.61,-1.97,6.58,6.98
1554,504.25699999999995,9,-2.7,9.22,11.03,20.375,-5.5625,-44.0625,0.6533333333333333,-2.2866666666666666,-1.4388888888888889,352.0625,-11.25,-43.375,247824384.0,95502336.0,34996224.0,17186816.0,-0.79,2.61,4.04,-1.91,6.6,6.99
1555,516.27,12,-2.12,9.43,11.52,14.0625,-9.25,-45.6875,0.4033333333333333,-2.4544444444444444,-1.4477777777777778,353.375,-10.8125,-43.25,248152064.0,95928320.0,32784384.0,14303232.0,-0.28,2.83,4.51,-1.84,6.6,7.0
1556,523.505,7,-1.47,9.51,11.53,14.0625,-9.25,-45.6875,0.4033333333333333,-2.4544444444444444,-1.4477777777777778,354.6875,-10.375,-43.1875,248414208.0,96337920.0,30572544.0,11403264.0,0.29,2.9,4.5,-1.76,6.6,7.02
1557,534.233,10,-0.69,8.98,11.37,14.0625,-9.25,-45.6875,0.5488888888888889,-2.8833333333333333,-1.4177777777777778,356.125,-9.75,-43.25,248627200.0,96911360.0,27852800.0,8339456.0,0.96,2.36,4.33,-1.66,6.62,7.03
1558,544.354,10,0.09,8.54,11.38,14.0625,-9.25,-45.6875,0.8411111111111111,-3.051111111111111,-1.5222222222222221,357.6875,-9.125,-43.375,248676352.0,97812480.0,24969216.0,5013504.0,1.65,1.88,4.35,-1.55,6.65,7.03
1559,554.3280000000001,9,2.35,9.45,12.08,14.0625,-9.25,-45.6875,1.0877777777777777,-3.1644444444444444,-1.6933333333333334,359.3125,-8.5,-43.6875,248545280.0,98959360.0,22052864.0,1409024.0,3.81,2.75,5.07,-1.45,6.7,7.0
1560,566.2700000000001,11,3.51,9.63,12.73,8.5,-9.6875,-48.875,1.0177777777777777,-3.24,-1.9233333333333333,1.125,-7.9375,-43.9375,248381440.0,99975168.0,19136512.0,-2490368.0,4.87,2.88,5.74,-1.36,6.74,6.98
1561,573.369,7,4.47,9.61,13.51,8.5,-9.6875,-48.875,0.5933333333333334,-3.292222222222222,-2.216666666666667,3.0625,-7.5,-44.0,248332288.0,100417536.0,16285696.0,-6717440.0,5.76,2.86,6.52,-1.28,6.75,6.99
1562,584.305,10,5.72,9.66,14.06,8.5,-9.6875,-48.875,0.034444444444444444,-3.311111111111111,-2.561111111111111,5.1875,-7.1875,-43.75,248430592.0,100122624.0,13598720.0,-11321344.0,6.95,2.93,7.03,-1.22,6.72,7.02
1563,594.3439999999999,10,6.94,9.01,13.93,8.5,-9.6875,-48.875,-0.7622222222222222,-3.192222222222222,-2.9055555555555554,7.4375,-7.0,-43.0,248791040.0,98844672.0,11255808.0,-16220160.0,8.14,2.36,6.81,-1.19,6.64,7.11
1564,604.3309999999999,9,7.89,7.71,13.44,8.5,-9.6875,-48.875,-1.4777777777777779,-2.882222222222222,-3.263333333333333,9.75,-7.0,-41.9375,249331712.0,96681984.0,9486336.0,-21348352.0,9.1,1.2,6.2,-1.2,6.5,7.23
1565,616.287,11,8.08,6.64,12.77,4.5,-12.1875,-49.5,-1.8577777777777778,-2.391111111111111,-3.5966666666666667,12.125,-7.375,-40.625,249856000.0,94044160.0,8486912.0,-26624000.0,9.34,0.3,5.39,-1.25,6.33,7.37
1566,623.393,7,8.8,4.6,10.93,4.5,-12.1875,-49.5,-2.026666666666667,-1.7222222222222223,-3.81,14.4375,-7.9375,-39.1875,250298368.0,91242496.0,8404992.0,-31817728.0,10.17,-1.53,3.41,-1.36,6.14,7.52
1567,634.3539999999999,10,8.59,4.02,9.73,4.5,-12.1875,-49.5,-1.7877777777777777,-0.9088888888888889,-3.8655555555555554,16.625,-8.875,-37.9375,250462208.0,88817664.0,9273344.0,-36732928.0,10.11,-1.94,2.09,-1.51,5.96,7.63
1568,644.304,9,8.67,3.97,8.62,4.5,-12.1875,-49.5,-1.298888888888889,0.008888888888888889,-3.701111111111111,18.625,-10.125,-37.0,250331136.0,87080960.0,11059200.0,-41074688.0,10.4,-1.83,0.91,-1.72,5.81,7.7
1569,654.375,10,8.0,3.07,6.1,4.5,-12.1875,-49.5,-0.73,1.0277777777777777,-3.3244444444444445,20.1875,-11.625,-36.375,249888768.0,86228992.0,13795328.0,-44564480.0,9.99,-2.62,-1.62,-1.98,5.69,7.73
1570,666.235,11,7.36,2.61,5.34,-1.375,-9.6875,-52.5625,-0.2777777777777778,2.1644444444444444,-2.8066666666666666,21.3125,-13.5,-36.0625,249233408.0,86163456.0,17563648.0,-46972928.0,9.65,-3.0,-2.36,-2.29,5.62,7.7
1571,673.899,7,6.5,2.36,4.82,-1.375,-9.6875,-52.5625,0.13111111111111112,3.318888888888889,-2.1855555555555557,21.9375,-15.6875,-36.1875,248365056.0,86867968.0,22364160.0,-48218112.0,9.16,-3.2,-2.78,-2.65,5.57,7.61
1572,684.302,10,5.68,2.35,4.43,-1.375,-9.6875,-52.5625,0.49,4.405555555555556,-1.52,22.0625,-18.0625,-36.6875,247283712.0,88260608.0,28065792.0,-48234496.0,8.72,-3.21,-3.03,-3.04,5.57,7.47
1573,694.3679999999999,10,4.24,2.34,4.12,-1.375,-9.6875,-52.5625,0.7555555555555555,5.34,-0.8555555555555555,21.625,-20.6875,-37.5625,245989376.0,90226688.0,34521088.0,-47071232.0,7.71,-3.25,-3.14,-3.46,5.59,7.26
1574,704.309,9,3.51,2.35,3.9,-1.375,-9.6875,-52.5625,0.9277777777777778,6.075555555555556,-0.23555555555555555,20.75,-23.375,-38.875,244432896.0,92602368.0,41500672.0,-44875776.0,7.4,-3.29,-3.09,-3.89,5.65,7.0
1575,716.431,12,2.96,2.48,3.64,3.0625,-7.0625,-49.75,0.9744444444444444,6.626666666666667,0.3011111111111111,19.5,-26.0,-40.5,242630656.0,95158272.0,48824320.0,-41795584.0,7.27,-3.24,-3.05,-4.3,5.72,6.69
1576,723.775,7,2.14,2.77,2.92,3.0625,-7.0625,-49.75,0.9533333333333334,6.971111111111111,0.7811111111111111,17.875,-28.5625,-42.5,240599040.0,97763328.0,56295424.0,-37928960.0,6.83,-3.05,-3.41,-4.69,5.82,6.34
1577,734.336,10,1.93,3.01,2.5,3.0625,-7.0625,-49.75,0.95,7.161111111111111,1.22,15.9375,-30.9375,-44.875,238321664.0,100417536.0,63700992.0,-33439744.0,6.98,-2.91,-3.45,-5.04,5.93,5.95
1578,744.454,10,1.88,3.31,1.91,3.0625,-7.0625,-49.75,0.9533333333333334,7.227777777777778,1.6533333333333333,13.6875,-33.0,-47.5625,235798528.0,103071744.0,70893568.0,-28393472.0,7.23,-2.75,-3.63,-5.34,6.06,5.54
1579,754.448,9,1.93,3.47,1.1,3.0625,-7.0625,-49.75,1.0033333333333334,7.217777777777778,2.097777777777778,11.1875,-34.75,-50.5625,233013248.0,105807872.0,77774848.0,-22839296.0,7.52,-2.75,-4.0,-5.59,6.22,5.11
1580,766.297,11,1.61,4.08,-0.47,14.25,-8.5625,-45.375,1.1533333333333333,7.161111111111111,2.5866666666666664,8.3125,-36.0,-54.0,229900288.0,108740608.0,84213760.0,-16777216.0,7.37,-2.33,-5.13,-5.76,6.42,4.65
1581,773.569,7,1.18,4.67,-1.32,14.25,-8.5625,-45.375,1.3255555555555556,7.091111111111111,3.151111111111111,5.125,-36.75,-57.8125,226476032.0,111951872.0,90161152.0,-10207232.0,7.05,-1.97,-5.51,-5.86,6.65,4.18
1582,784.328,10,0.93,5.34,-2.25,14.25,-8.5625,-45.375,1.4522222222222223,7.013333333333334,3.828888888888889,1.5,-36.875,-61.875,222724096.0,115408896.0,95535104.0,-2965504.0,6.81,-1.57,-5.95,-5.88,6.91,3.69
1583,794.4069999999999,10,0.76,5.85,-3.12,14.25,-8.5625,-45.375,1.6688888888888889,6.8933333333333335,4.614444444444445,357.375,-36.25,-66.0625,218562560.0,119259136.0,100188160.0,4931584.0,6.56,-1.37,-6.32,-5.8,7.22,3.2
1584,804.365,9,0.66,8.23,-3.88,14.25,-8.5625,-45.375,1.7377777777777779,6.7011111111111115,5.47,352.6875,-34.8125,-70.25,214073344.0,123404288.0,104005632.0,13565952.0,6.27,0.66,-6.59,-5.6,7.57,2.71
1585,816.2909999999999,11,0.07,9.11,-3.63,29.0625,-12.0625,-35.1875,1.3744444444444444,6.418888888888889,6.375555555555556,347.375,-32.5625,-73.9375,209485824.0,127418368.0,106774528.0,23117824.0,5.36,1.17,-5.92,-5.28,7.93,2.28
1586,823.443,7,-1.0,8.95,-3.45,29.0625,-12.0625,-35.1875,1.028888888888889,5.9222222222222225,7.272222222222222,341.4375,-29.5625,-76.9375,204849152.0,131350528.0,108281856.0,33390592.0,3.83,0.64,-5.37,-4.84,8.3,1.91
1587,834.346,10,-1.18,8.12,-3.61,29.0625,-12.0625,-35.1875,0.8888888888888888,5.206666666666667,8.015555555555556,335.1875,-25.875,-79.375,200146944.0,135380992.0,108363776.0,43925504.0,3.09,-0.54,-5.23,-4.28,8.67,1.62
1588,844.42,10,0.18,7.92,-3.68,29.0625,-12.0625,-35.1875,0.6677777777777778,4.39,8.551111111111112,328.8125,-21.6875,-81.125,195461120.0,139345920.0,107069440.0,54493184.0,3.81,-1.07,-5.08,-3.62,9.0,1.4
1589,854.4300000000001,10,1.15,7.77,-3.63,29.0625,-12.0625,-35.1875,0.23777777777777778,3.5122222222222224,8.882222222222222,322.4375,-17.1875,-82.1875,191021056.0,143032320.0,104415232.0,64880640.0,4.05,-1.51,-4.9,-2.9,9.28,1.27
1590,866.454,12,1.98,8.03,-3.47,33.6875,-21.1875,-23.375,-0.2833333333333333,2.5522222222222224,9.078888888888889,316.3125,-12.5,-82.5625,186957824.0,146341888.0,100368384.0,74907648.0,4.11,-1.45,-4.7,-2.12,9.49,1.23
1591,873.51,7,2.36,9.79,-3.57,33.6875,-21.1875,-23.375,-0.85,1.5444444444444445,9.254444444444445,310.4375,-7.5625,-82.375,183336960.0,149307392.0,94912512.0,84525056.0,3.66,0.16,-4.86,-1.3,9.63,1.28
1592,884.411,10,2.26,9.82,-3.76,33.6875,-21.1875,-23.375,-1.42,0.5855555555555556,9.474444444444444,305.0,-2.5,-81.6875,180092928.0,151945216.0,88031232.0,93732864.0,2.7,0.13,-5.17,-0.43,9.69,1.41
1593,894.383,9,1.97,9.73,-4.06,33.6875,-21.1875,-23.375,-1.7022222222222223,-0.30666666666666664,9.707777777777778,299.8125,2.625,-80.75,176930816.0,154517504.0,79921152.0,102432768.0,1.51,0.06,-5.63,0.45,9.66,1.56
1594,904.42,10,2.06,9.36,-5.3,33.6875,-21.1875,-23.375,-1.5344444444444445,-1.0822222222222222,9.914444444444445,295.0,8.0625,-79.875,173441024.0,157335552.0,70893568.0,110428160.0,0.67,-0.18,-7.0,1.38,9.55,1.7
1595,916.323,11,2.71,8.88,-5.84,27.375,-34.1875,-19.25,-0.8955555555555555,-1.7277777777777779,10.046666666666667,290.375,13.625,-79.375,169230336.0,160710656.0,61423616.0,117571584.0,0.39,-0.48,-7.59,2.31,9.36,1.75
1596,924.06,7,3.56,8.67,-6.26,27.375,-34.1875,-19.25,0.15888888888888889,-2.2555555555555555,10.04888888888889,285.875,19.1875,-79.5625,163954688.0,164823040.0,51970048.0,123731968.0,0.33,-0.43,-7.94,3.23,9.1,1.67
1597,934.17,10,4.45,8.74,-6.73,27.375,-34.1875,-19.25,1.4944444444444445,-2.661111111111111,9.908888888888889,281.375,24.75,-80.5625,157417472.0,169803776.0,42958848.0,128843776.0,0.34,-0.03,-8.18,4.11,8.78,1.45
1598,944.437,10,6.12,9.79,-6.98,27.375,-34.1875,-19.25,2.848888888888889,-2.951111111111111,9.624444444444444,276.75,30.1875,-82.5,149651456.0,175489024.0,34684928.0,132907008.0,1.18,1.38,-8.08,4.93,8.4,1.09
1599,954.508,10,6.43,10.45,-6.61,27.375,-34.1875,-19.25,4.08,-3.218888888888889,9.22,272.0,35.375,-85.5625,140771328.0,181698560.0,27246592.0,135938048.0,0.75,2.48,-7.23,5.67,7.97,0.61
1600,966.414,11,6.25,11.76,-6.23,5.375,-42.75,-25.75,4.843333333333334,-3.5233333333333334,8.663333333333334,267.1875,40.125,-89.5,131284992.0,188104704.0,20512768.0,137887744.0,-0.07,4.27,-6.29,6.32,7.49,0.06
1601,973.9409999999999,7,6.51,14.08,-4.73,5.375,-42.75,-25.75,4.738888888888889,-3.8966666666666665,7.928888888888889,262.6875,44.375,-94.125,122093568.0,194166784.0,14090240.0,138739712.0,-0.35,7.09,-4.22,6.86,6.98,-0.5
1602,984.5120000000001,10,6.77,13.93,-4.04,5.375,-42.75,-25.75,3.9044444444444446,-4.4222222222222225,6.846666666666667,259.0625,47.8125,-99.1875,114180096.0,199622656.0,7766016.0,138248192.0,-0.49,7.43,-2.99,7.26,6.49,-1.05
1603,994.561,10,7.64,14.28,-3.71,5.375,-42.75,-25.75,2.5188888888888887,-5.093333333333334,5.747777777777777,256.8125,50.3125,-104.4375,108118016.0,204406784.0,1212416.0,136331264.0,0.09,8.22,-2.15,7.54,6.06,-1.56
1604,1004.5500000000001,9,8.49,14.32,-3.8,5.375,-42.75,-25.75,0.8522222222222222,-5.792222222222223,4.4255555555555555,256.25,51.6875,-109.5,104398848.0,208486400.0,-5505024.0,132890624.0,0.79,8.6,-1.76,7.69,5.72,-2.03
1605,1016.559,12,9.11,13.84,-4.28,-15.875,-44.6875,-17.75,-0.6077777777777778,-6.358888888888889,2.847777777777778,257.625,51.8125,-114.0,102973440.0,212008960.0,-11862016.0,127926272.0,1.4,8.31,-1.82,7.71,5.52,-2.46
1606,1023.89,7,9.02,13.57,-4.21,-15.875,-44.6875,-17.75,-1.6522222222222223,-6.7,1.211111111111111,260.75,50.875,-117.5625,103464960.0,215089152.0,-17350656.0,121602048.0,1.41,8.09,-1.34,7.6,5.48,-2.86
1607,1034.537,10,8.95,13.01,-3.58,-15.875,-44.6875,-17.75,-2.287777777777778,-6.818888888888889,-0.3977777777777778,265.375,48.875,-120.0625,105414656.0,217808896.0,-21610496.0,114180096.0,1.56,7.43,-0.35,7.38,5.57,-3.23
1608,1044.606,10,8.74,12.34,-1.88,-15.875,-44.6875,-17.75,-2.473333333333333,-6.811111111111111,-1.9144444444444444,271.25,46.0625,-121.625,108249088.0,220315648.0,-24363008.0,105857024.0,1.67,6.55,1.67,7.06,5.78,-3.56
1609,1054.634,10,8.78,12.93,-1.07,-15.875,-44.6875,-17.75,-2.331111111111111,-6.743333333333333,-3.2577777777777777,278.0625,42.625,-122.4375,111460352.0,222740480.0,-25575424.0,96780288.0,2.13,6.85,2.8,6.64,6.08,-3.87
1610,1066.651,12,9.19,13.61,-0.47,-26.0,-40.0625,-11.1875,-2.1744444444444446,-6.607777777777778,-4.3822222222222225,285.625,38.6875,-122.75,114884608.0,224985088.0,-25427968.0,87146496.0,3.06,7.18,3.67,6.13,6.43,-4.14
1611,1073.719,7,9.97,14.37,-0.31,-26.0,-40.0625,-11.1875,-2.201111111111111,-6.372222222222222,-5.3244444444444445,293.9375,34.375,-122.5625,118587392.0,226869248.0,-24100864.0,77086720.0,4.43,7.55,4.04,5.53,6.81,-4.36
1612,1084.454,10,11.59,15.98,-0.46,-26.0,-40.0625,-11.1875,-2.5877777777777777,-5.982222222222222,-6.138888888888889,302.875,29.8125,-121.75,122830848.0,228098048.0,-21774336.0,66830336.0,6.72,8.75,4.02,4.87,7.22,-4.48
1613,1094.6229999999998,10,11.45,16.34,-0.47,-26.0,-40.0625,-11.1875,-3.3055555555555554,-5.388888888888889,-6.834444444444444,312.25,25.125,-120.3125,127893504.0,228376576.0,-18546688.0,56606720.0,7.29,8.68,4.0,4.16,7.66,-4.48
1614,1104.533,9,10.64,16.04,-0.45,-26.0,-40.0625,-11.1875,-4.173333333333333,-4.636666666666667,-7.424444444444444,321.5625,20.3125,-118.125,133873664.0,227491840.0,-14417920.0,46645248.0,7.23,7.94,3.88,3.41,8.1,-4.33
1615,1116.4579999999999,11,8.82,14.16,0.12,-21.875,-44.0625,-7.375,-4.934444444444445,-3.838888888888889,-7.923333333333333,330.4375,15.5625,-115.375,140541952.0,225492992.0,-9371648.0,37076992.0,6.19,5.63,4.17,2.63,8.53,-4.05
1616,1123.45,6,7.87,13.09,0.15,-21.875,-44.0625,-7.375,-5.373333333333333,-3.1,-8.275555555555556,338.5,10.75,-112.4375,147439616.0,222543872.0,-3522560.0,27951104.0,6.04,4.19,3.82,1.83,8.9,-3.67
1617,1134.4540000000002,11,6.75,12.04,-0.15,-21.875,-44.0625,-7.375,-5.3133333333333335,-2.4844444444444442,-8.446666666666667,345.6875,6.0,-109.4375,153944064.0,219037696.0,2965504.0,19300352.0,5.72,2.84,3.1,1.02,9.19,-3.25
1618,1144.5320000000002,10,5.74,11.15,-0.51,-21.875,-44.0625,-7.375,-4.794444444444444,-1.971111111111111,-8.48,352.0,1.25,-106.8125,159563776.0,215351296.0,9895936.0,11091968.0,5.52,1.76,2.32,0.22,9.38,-2.84
1619,1154.636,10,4.68,10.37,-1.25,-21.875,-44.0625,-7.375,-3.962222222222222,-1.53,-8.415555555555555,357.625,-3.3125,-104.6875,163971072.0,211812352.0,17121280.0,3325952.0,5.26,0.91,1.22,-0.57,9.46,-2.48
1620,1166.629,11,3.99,10.2,-1.14,-6.5625,-46.875,-12.1875,-3.011111111111111,-1.15,-8.31,2.75,-7.875,-103.0625,167084032.0,208633856.0,24510464.0,-4046848.0,5.34,0.74,1.06,-1.34,9.46,-2.2
1621,1174.144,7,3.33,9.99,-0.73,-6.5625,-46.875,-12.1875,-2.218888888888889,-0.8155555555555556,-8.22888888888889,7.5,-12.3125,-102.0,169082880.0,205717504.0,32030720.0,-11124736.0,5.43,0.62,1.26,-2.09,9.37,-1.99
1622,1184.6209999999999,10,3.08,9.45,0.83,-6.5625,-46.875,-12.1875,-1.721111111111111,-0.5077777777777778,-8.198888888888888,12.0,-16.75,-101.1875,170262528.0,202899456.0,39698432.0,-17940480.0,5.91,0.24,2.65,-2.83,9.2,-1.82
1623,1194.598,9,3.23,9.17,1.55,-6.5625,-46.875,-12.1875,-1.5844444444444445,-0.21555555555555556,-8.19111111111111,16.25,-21.125,-100.5625,170999808.0,199901184.0,47529984.0,-24444928.0,6.78,0.18,3.24,-3.54,8.98,-1.68
1624,1204.647,10,2.96,8.87,2.28,-6.5625,-46.875,-12.1875,-1.758888888888889,0.09444444444444444,-8.135555555555555,20.1875,-25.5,-100.0,171573248.0,196493312.0,55492608.0,-30556160.0,7.19,0.16,3.82,-4.22,8.71,-1.54
1625,1216.529,11,2.28,8.36,2.54,10.0625,-43.875,-19.375,-2.0844444444444443,0.41333333333333333,-8.004444444444445,23.6875,-29.75,-99.375,172113920.0,192593920.0,63553536.0,-36110336.0,7.15,-0.03,3.93,-4.87,8.39,-1.38
1626,1223.999,7,1.11,6.45,2.45,10.0625,-43.875,-19.375,-2.4322222222222223,0.7466666666666667,-7.7811111111111115,26.6875,-33.875,-98.6875,172654592.0,188235776.0,71647232.0,-41025536.0,6.58,-1.58,3.68,-5.46,8.04,-1.23
1627,1236.062,12,0.76,5.68,2.13,10.0625,-43.875,-19.375,-2.53,1.048888888888889,-7.443333333333333,29.3125,-37.8125,-98.1875,172982272.0,183697408.0,79593472.0,-45301760.0,6.77,-1.98,3.24,-6.01,7.66,-1.1
1628,1247.459,11,0.58,5.29,1.61,10.0625,-43.875,-19.375,-2.3344444444444443,1.3366666666666667,-6.972222222222222,31.5625,-41.4375,-97.9375,172900352.0,179322880.0,87228416.0,-48955392.0,7.08,-1.97,2.63,-6.49,7.27,-1.01
1629,1255.359,7,0.31,5.14,1.15,10.0625,-43.875,-19.375,-2.078888888888889,1.6588888888888889,-6.348888888888889,33.4375,-44.75,-98.0625,172425216.0,175276032.0,94437376.0,-51855360.0,7.22,-1.75,2.13,-6.9,6.89,-0.98
1630,1266.435,11,0.12,5.6,0.34,26.5625,-35.0,-21.0,-1.9,2.013333333333333,-5.581111111111111,34.8125,-47.5625,-98.625,171655168.0,171638784.0,101154816.0,-53886976.0,7.36,-0.93,1.34,-7.24,6.53,-0.99
1631,1273.824,7,-0.08,5.76,-0.06,26.5625,-35.0,-21.0,-1.9177777777777778,2.4033333333333333,-4.6722222222222225,35.5625,-49.875,-99.5,170803200.0,168378368.0,107380736.0,-54788096.0,7.42,-0.45,0.97,-7.5,6.22,-1.04
1632,1284.8120000000001,10,-0.5,5.57,-0.41,26.5625,-35.0,-21.0,-2.1344444444444446,2.816666666666667,-3.641111111111111,35.4375,-51.5625,-100.625,170082304.0,165478400.0,113098752.0,-54378496.0,7.17,-0.4,0.7,-7.68,5.98,-1.12
1633,1294.71,9,-1.4,3.94,-1.16,26.5625,-35.0,-21.0,-2.491111111111111,3.2266666666666666,-2.5444444444444443,34.375,-52.5625,-101.875,169590784.0,162889728.0,118325248.0,-52559872.0,6.38,-1.87,0.05,-7.79,5.82,-1.22
1634,1304.644,9,-1.19,3.28,-1.75,26.5625,-35.0,-21.0,-2.7288888888888887,3.5877777777777777,-1.4466666666666668,32.5,-52.9375,-103.125,169279488.0,160727040.0,122994688.0,-49397760.0,6.63,-2.46,-0.4,-7.82,5.75,-1.34
1635,1316.546,11,-1.08,2.66,-2.48,35.0625,-23.0625,-19.0,-2.778888888888889,3.848888888888889,-0.3611111111111111,29.875,-52.625,-104.3125,169033728.0,159137792.0,126976000.0,-45105152.0,6.71,-3.1,-1.0,-7.79,5.76,-1.47
1636,1323.6950000000002,7,-1.11,2.03,-3.32,35.0625,-23.0625,-19.0,-2.6844444444444444,4.0377777777777775,0.6855555555555556,26.5625,-51.6875,-105.5,168722432.0,158220288.0,130252800.0,-39878656.0,6.58,-3.81,-1.69,-7.69,5.85,-1.62
1637,1334.535,10,-1.66,1.81,-4.6,35.0625,-23.0625,-19.0,-2.367777777777778,4.114444444444445,1.7,22.8125,-50.1875,-106.5625,168230912.0,158105600.0,132677632.0,-33947648.0,5.86,-4.2,-2.82,-7.53,6.01,-1.78
1638,1344.6419999999998,10,-1.89,2.11,-5.14,35.0625,-23.0625,-19.0,-1.9944444444444445,4.068888888888889,2.6777777777777776,18.625,-48.125,-107.4375,167542784.0,158810112.0,134201344.0,-27475968.0,5.41,-4.12,-3.18,-7.3,6.23,-1.96
1639,1354.662,10,-1.89,2.67,-5.43,35.0625,-23.0625,-19.0,-1.57,3.902222222222222,3.611111111111111,14.125,-45.625,-108.0625,166658048.0,160317440.0,134742016.0,-20660224.0,5.11,-3.84,-3.3,-7.01,6.51,-2.13
1640,1366.565,11,-1.88,3.88,-6.06,41.875,-16.25,-12.5,-1.3022222222222222,3.6433333333333335,4.484444444444445,9.25,-42.6875,-108.4375,165691392.0,162447360.0,134283264.0,-13484032.0,4.76,-2.94,-3.78,-6.65,6.83,-2.28
1641,1373.618,7,-2.12,4.13,-5.95,41.875,-16.25,-12.5,-1.1633333333333333,3.2711111111111113,5.2877777777777775,4.1875,-39.375,-108.5,164773888.0,165036032.0,132792320.0,-6062080.0,4.1,-3.04,-3.54,-6.22,7.18,-2.4
1642,1384.6799999999998,11,-2.17,4.7,-5.6,41.875,-16.25,-12.5,-1.0977777777777777,2.763333333333333,5.995555555555556,358.9375,-35.8125,-108.1875,163971072.0,167952384.0,130220032.0,1490944.0,3.57,-2.84,-3.11,-5.74,7.54,-2.48
1643,1394.761,10,-1.74,5.76,-5.1,41.875,-16.25,-12.5,-1.3133333333333332,2.1433333333333335,6.637777777777778,353.5625,-32.0,-107.5,163561472.0,170934272.0,126517248.0,9191424.0,3.46,-2.16,-2.6,-5.2,7.92,-2.5
1644,1404.6860000000001,9,-1.13,8.25,-5.08,41.875,-16.25,-12.5,-2.006666666666667,1.47,7.263333333333334,348.0,-28.0,-106.1875,163872768.0,173555712.0,121585664.0,17219584.0,3.47,-0.05,-2.66,-4.6,8.31,-2.41
1645,1416.616,11,-1.93,9.45,-5.4,40.75,-23.0625,-8.375,-2.918888888888889,0.75,7.902222222222222,342.3125,-23.75,-104.25,165068800.0,175652864.0,115326976.0,25657344.0,2.01,0.75,-3.19,-3.95,8.69,-2.21
1646,1424.2259999999999,7,-3.14,10.19,-5.98,40.75,-23.0625,-8.375,-3.611111111111111,-0.0011111111111111111,8.488888888888889,336.75,-19.25,-101.875,166887424.0,177291264.0,107692032.0,34258944.0,0.09,1.13,-4.07,-3.23,9.05,-1.9
1647,1434.5900000000001,10,-3.2,7.69,-7.54,40.75,-23.0625,-8.375,-3.8455555555555554,-0.72,8.855555555555556,331.625,-14.5625,-99.375,168886272.0,178700288.0,98926592.0,42598400.0,-0.72,-1.66,-5.99,-2.47,9.36,-1.54
1648,1444.6589999999999,10,-1.61,7.86,-7.79,40.75,-23.0625,-8.375,-3.2555555555555555,-1.3766666666666667,8.986666666666666,327.1875,-9.875,-97.25,170295296.0,180404224.0,89440256.0,50118656.0,0.07,-1.71,-6.56,-1.68,9.58,-1.22
1649,1454.703,10,0.1,9.49,-7.73,40.75,-23.0625,-8.375,-2.1733333333333333,-1.8688888888888888,8.97888888888889,323.25,-5.125,-95.875,170639360.0,182730752.0,79642624.0,56655872.0,0.98,-0.21,-6.72,-0.88,9.71,-1.0
1650,1466.588,11,0.96,10.9,-7.24,31.0625,-33.875,-11.0,-1.2633333333333334,-2.0877777777777777,8.926666666666666,319.5625,-0.375,-95.125,169967616.0,185466880.0,69779456.0,62488576.0,1.04,1.13,-6.36,-0.07,9.76,-0.88
1651,1474.077,7,-0.1,12.75,-6.58,31.0625,-33.875,-11.0,-0.6144444444444445,-2.06,8.794444444444444,316.0625,4.1875,-94.8125,168411136.0,188317696.0,60129280.0,67911680.0,-0.83,3.0,-5.75,0.72,9.74,-0.83
1652,1484.661,10,0.31,12.37,-5.93,31.0625,-33.875,-11.0,-0.0011111111111111111,-1.8588888888888888,8.434444444444445,312.5625,8.6875,-95.0,166084608.0,191168512.0,51052544.0,72941568.0,-1.17,2.71,-5.08,1.48,9.65,-0.84
1653,1494.749,10,1.25,12.32,-5.8,31.0625,-33.875,-11.0,0.8588888888888889,-1.568888888888889,7.704444444444444,309.1875,12.8125,-95.6875,162906112.0,194117632.0,43089920.0,77332480.0,-0.92,2.8,-4.84,2.17,9.51,-0.95
1654,1504.758,10,3.24,14.05,-4.48,31.0625,-33.875,-11.0,1.6655555555555555,-1.2255555555555555,6.586666666666667,306.0625,16.25,-96.875,159105024.0,197099520.0,36651008.0,80920576.0,0.48,4.71,-3.34,2.75,9.34,-1.13
1655,1516.889,12,2.61,15.31,-3.64,11.6875,-43.5625,-18.25,2.348888888888889,-0.9522222222222222,5.205555555555556,303.3125,19.0,-98.4375,155009024.0,200081408.0,31948800.0,83525632.0,-0.58,6.14,-2.27,3.2,9.16,-1.36
1656,1524.0130000000001,7,1.69,16.71,-2.79,11.6875,-43.5625,-18.25,2.858888888888889,-0.8166666666666667,3.688888888888889,301.1875,20.9375,-100.3125,150913024.0,203014144.0,28966912.0,85000192.0,-1.81,7.7,-1.15,3.5,9.0,-1.64
1657,1534.351,10,0.86,17.85,-1.93,11.6875,-43.5625,-18.25,2.8455555555555554,-0.8655555555555555,2.0555555555555554,299.875,21.9375,-102.125,147439616.0,205668352.0,27508736.0,85245952.0,-2.8,8.96,-0.02,3.66,8.89,-1.91
1658,1544.687,10,0.81,19.63,-0.4,11.6875,-43.5625,-18.25,2.2111111111111112,-1.1233333333333333,0.3277777777777778,299.875,22.0,-103.5625,145276928.0,207699968.0,27295744.0,84082688.0,-2.86,10.79,1.73,3.67,8.83,-2.13
1659,1554.741,10,1.41,20.02,0.26,11.6875,-43.5625,-18.25,0.9744444444444444,-1.55,-1.4433333333333334,301.375,21.0,-104.3125,145096704.0,208781312.0,28033024.0,81412096.0,-2.1,11.15,2.53,3.51,8.86,-2.27
1660,1566.609,11,2.17,20.16,0.63,-3.5,-45.5,-16.5625,-0.7166666666666667,-2.066666666666667,-3.1366666666666667,304.5625,19.0625,-104.1875,147259392.0,208633856.0,29442048.0,77283328.0,-1.03,11.18,2.91,3.2,8.98,-2.27
1661,1573.715,7,3.42,19.09,0.14,-3.5,-45.5,-16.5625,-2.4033333333333333,-2.5566666666666666,-4.608888888888889,309.25,16.3125,-103.125,151633920.0,207175680.0,31326208.0,71843840.0,0.66,9.93,2.28,2.75,9.16,-2.14
1662,1584.621,10,3.73,18.21,-0.32,-3.5,-45.5,-16.5625,-3.602222222222222,-2.931111111111111,-5.774444444444445,314.9375,12.875,-101.375,157499392.0,204587008.0,33652736.0,65290240.0,1.53,8.84,1.56,2.19,9.36,-1.89
1663,1594.685,10,3.62,17.24,-0.66,-3.5,-45.5,-16.5625,-4.164444444444444,-3.1366666666666667,-6.657777777777778,321.0625,9.0,-99.3125,163987456.0,201228288.0,36454400.0,57868288.0,2.07,7.68,0.9,1.54,9.55,-1.57
1664,1604.696,10,3.19,16.14,-0.95,-3.5,-45.5,-16.5625,-4.13,-3.198888888888889,-7.302222222222222,327.375,4.8125,-97.25,170328064.0,197443584.0,39763968.0,49790976.0,2.36,6.45,0.27,0.83,9.69,-1.23
1665,1616.657,11,2.11,14.94,-0.86,-0.875,-47.375,-14.5625,-3.557777777777778,-3.168888888888889,-7.7811111111111115,333.625,0.4375,-95.375,175947776.0,193658880.0,43614208.0,41156608.0,2.03,5.18,0.05,0.08,9.76,-0.91
1666,1623.769,7,1.81,15.05,-0.51,-0.875,-47.375,-14.5625,-2.7088888888888887,-3.101111111111111,-8.167777777777777,339.875,-4.0625,-93.8125,180518912.0,190119936.0,47972352.0,32014336.0,2.51,5.29,0.14,-0.7,9.75,-0.65
1667,1634.6830000000002,10,1.13,15.1,-0.01,-0.875,-47.375,-14.5625,-1.9744444444444444,-2.9833333333333334,-8.533333333333333,346.0625,-8.8125,-92.625,184090624.0,186761216.0,52772864.0,22429696.0,2.64,5.42,0.42,-1.5,9.68,-0.44
1668,1644.8149999999998,10,0.69,14.72,1.08,-0.875,-47.375,-14.5625,-1.6444444444444444,-2.792222222222222,-8.987777777777778,352.3125,-13.75,-91.4375,187023360.0,183173120.0,58064896.0,12484608.0,3.02,5.2,1.32,-2.33,9.52,-0.24
1669,1654.779,9,0.18,14.28,1.64,-0.875,-47.375,-14.5625,-1.7455555555555555,-2.5366666666666666,-9.506666666666666,358.5625,-18.9375,-90.125,189595648.0,178946048.0,63913984.0,2310144.0,3.36,5.01,1.67,-3.18,9.27,-0.02
1670,1666.598,11,-0.43,13.65,1.89,12.1875,-41.0625,-23.5,-2.1044444444444443,-2.23,-10.028888888888888,4.75,-24.375,-88.4375,191922176.0,173817856.0,70320128.0,-7979008.0,3.61,4.72,1.66,-4.05,8.92,0.23
1671,1674.2030000000002,7,-0.9,12.98,2.17,12.1875,-41.0625,-23.5,-2.5533333333333332,-1.8833333333333333,-10.494444444444444,10.6875,-30.0,-86.375,194002944.0,167690240.0,77250560.0,-18219008.0,4.0,4.51,1.64,-4.91,8.47,0.52
1672,1684.647,10,-2.17,10.96,1.82,12.1875,-41.0625,-23.5,-2.816666666666667,-1.531111111111111,-10.841111111111111,16.5,-35.8125,-84.0,195592192.0,160743424.0,84606976.0,-28360704.0,3.56,3.05,0.99,-5.74,7.9,0.82
1673,1694.705,10,-2.53,9.49,1.36,12.1875,-41.0625,-23.5,-2.7855555555555553,-1.208888888888889,-11.065555555555555,22.0625,-41.6875,-81.375,196427776.0,153321472.0,92176384.0,-38387712.0,3.99,2.26,0.26,-6.52,7.23,1.09
1674,1704.6809999999998,9,-2.73,7.75,0.96,12.1875,-41.0625,-23.5,-2.437777777777778,-0.9711111111111111,-11.2,27.6875,-47.625,-78.4375,196296704.0,145735680.0,99713024.0,-48414720.0,4.51,1.27,-0.34,-7.24,6.47,1.31
1675,1716.656,11,-3.26,6.29,0.88,24.75,-29.875,-26.1875,-1.6433333333333333,-0.8588888888888889,-11.178888888888888,33.4375,-53.4375,-75.3125,194985984.0,138510336.0,106872832.0,-58572800.0,4.61,0.64,-0.58,-7.88,5.64,1.47
1676,1724.145,7,-5.19,4.6,0.4,24.75,-29.875,-26.1875,-0.5922222222222222,-0.8622222222222222,-10.974444444444444,39.375,-59.0625,-71.8125,192495616.0,131973120.0,113311744.0,-68911104.0,3.21,-0.18,-1.16,-8.41,4.78,1.57
1677,1734.734,10,-6.12,3.89,0.33,24.75,-29.875,-26.1875,0.31666666666666665,-0.9311111111111111,-10.62111111111111,45.4375,-64.3125,-67.375,189071360.0,126074880.0,118865920.0,-79282176.0,2.7,-0.03,-1.29,-8.83,3.92,1.63
1678,1744.8,10,-6.66,3.3,0.32,24.75,-29.875,-26.1875,0.8566666666666667,-1.0166666666666666,-10.13888888888889,51.5,-69.0,-61.125,185090048.0,120602624.0,123551744.0,-89374720.0,2.49,0.23,-1.37,-9.15,3.07,1.69
1679,1754.845,10,-6.93,1.65,0.56,24.75,-29.875,-26.1875,1.0033333333333334,-1.0755555555555556,-9.555555555555555,57.3125,-73.0625,-51.8125,180912128.0,115294208.0,127516672.0,-98877440.0,2.44,-0.58,-1.2,-9.38,2.24,1.76
1680,1766.806,11,-6.5,0.53,0.88,35.5625,-11.6875,-28.75,0.85,-1.0766666666666667,-8.912222222222223,62.625,-76.125,-38.3125,176750592.0,110018560.0,130957312.0,-107544576.0,3.01,-0.92,-0.96,-9.52,1.45,1.84
1681,1773.9270000000001,7,-5.98,-0.26,1.15,35.5625,-11.6875,-28.75,0.7133333333333334,-1.068888888888889,-8.257777777777777,67.5,-77.8125,-20.4375,172687360.0,104841216.0,133906432.0,-115392512.0,3.6,-0.99,-0.78,-9.58,0.72,1.93
1682,1784.711,10,-5.62,-0.99,1.22,35.5625,-11.6875,-28.75,0.6755555555555556,-1.0744444444444445,-7.571111111111111,71.9375,-78.0,-1.25,168771584.0,99926016.0,136331264.0,-122486784.0,3.96,-1.04,-0.8,-9.59,0.04,2.02
1683,1794.771,10,-4.93,-2.46,1.61,35.5625,-11.6875,-28.75,0.5711111111111111,-1.0711111111111111,-6.86,75.875,-77.0,14.9375,165101568.0,95272960.0,138330112.0,-128794624.0,4.62,-1.89,-0.51,-9.55,-0.56,2.12
1684,1804.77,9,-4.53,-3.43,1.71,35.5625,-11.6875,-28.75,0.5055555555555555,-1.07,-6.1722222222222225,79.4375,-75.25,26.5625,161726464.0,90914816.0,139902976.0,-134397952.0,4.94,-2.31,-0.51,-9.48,-1.11,2.22
1685,1816.719,11,-4.13,-4.57,1.66,35.1875,4.6875,-29.5625,0.47333333333333333,-1.0811111111111111,-5.5311111111111115,82.5625,-73.1875,34.4375,158646272.0,86884352.0,141115392.0,-139378688.0,5.25,-2.97,-0.66,-9.38,-1.6,2.33
1686,1823.816,7,-2.96,-6.81,1.68,35.1875,4.6875,-29.5625,0.49333333333333335,-1.0911111111111111,-4.981111111111111,85.375,-71.0625,39.8125,155844608.0,83165184.0,141967360.0,-143867904.0,6.31,-4.78,-0.75,-9.27,-2.03,2.43
1687,1834.683,10,-2.41,-7.73,1.63,35.1875,4.6875,-29.5625,0.6055555555555555,-1.0944444444444446,-4.506666666666667,88.0,-69.0,43.4375,153223168.0,79806464.0,142491648.0,-148013056.0,6.74,-5.32,-0.9,-9.15,-2.41,2.54
1688,1844.8880000000001,10,-1.86,-8.32,1.59,35.1875,4.6875,-29.5625,0.7277777777777777,-1.0611111111111111,-4.06,90.375,-67.0625,45.9375,150781952.0,76824576.0,142721024.0,-151830528.0,7.16,-5.58,-1.06,-9.03,-2.74,2.65
1689,1854.911,10,-1.25,-8.87,1.56,35.1875,4.6875,-29.5625,0.8277777777777777,-0.9755555555555555,-3.5733333333333333,92.5,-65.25,47.625,148537344.0,74268672.0,142704640.0,-155287552.0,7.65,-5.84,-1.19,-8.9,-3.02,2.76
1690,1866.797,11,0.06,-9.48,1.58,31.875,13.25,-33.25,0.9444444444444444,-0.8288888888888889,-3.002222222222222,94.375,-63.75,48.6875,146522112.0,72286208.0,142458880.0,-158318592.0,8.86,-6.23,-1.27,-8.79,-3.25,2.86
1691,1873.903,7,1.01,-9.64,1.41,31.875,13.25,-33.25,1.0177777777777777,-0.5944444444444444,-2.29,95.9375,-62.5625,49.25,144850944.0,70991872.0,142065664.0,-160792576.0,9.71,-6.23,-1.52,-8.7,-3.41,2.94
1692,1884.8210000000001,10,1.74,-10.3,1.32,31.875,13.25,-33.25,0.9877777777777778,-0.26222222222222225,-1.4222222222222223,97.0625,-61.875,49.5,143605760.0,70516736.0,141590528.0,-162529280.0,10.4,-6.79,-1.67,-8.65,-3.5,2.99
1693,1894.8419999999999,10,2.71,-11.48,1.4,31.875,13.25,-33.25,0.9833333333333333,0.15777777777777777,-0.4177777777777778,97.6875,-61.8125,49.3125,142835712.0,71024640.0,141082624.0,-163414016.0,11.35,-7.97,-1.61,-8.64,-3.51,3.01
1694,1904.8670000000002,10,3.19,-11.33,1.54,31.875,13.25,-33.25,0.94,0.6288888888888889,0.7088888888888889,97.6875,-62.3125,48.8125,142639104.0,72613888.0,140541952.0,-163348480.0,11.87,-7.9,-1.45,-8.68,-3.42,2.99
1695,1916.77,11,3.45,-10.35,1.6,27.375,17.0,-34.0625,0.8533333333333334,1.1111111111111112,1.981111111111111,97.125,-63.5,47.875,143130624.0,75382784.0,139935744.0,-162185216.0,12.23,-7.11,-1.32,-8.77,-3.24,2.92
1696,1924.345,7,3.56,-9.49,1.53,27.375,17.0,-34.0625,0.6611111111111111,1.5877777777777777,3.4277777777777776,95.6875,-65.5,46.125,144457728.0,79314944.0,139247616.0,-159694848.0,12.49,-6.55,-1.27,-8.92,-2.93,2.81
1697,1934.78,10,3.19,-8.86,1.03,27.375,17.0,-34.0625,0.5611111111111111,2.037777777777778,5.002222222222223,93.4375,-68.1875,43.125,146653184.0,84541440.0,138297344.0,-155811840.0,12.3,-6.37,-1.61,-9.1,-2.49,2.65
1698,1944.9,10,3.03,-7.78,0.75,27.375,17.0,-34.0625,0.6088888888888889,2.4466666666666668,6.633333333333334,90.3125,-71.5625,37.625,149618688.0,91078656.0,136806400.0,-150536192.0,12.33,-5.88,-1.7,-9.3,-1.89,2.45
1699,1954.957,10,2.53,-5.54,0.57,27.375,17.0,-34.0625,0.6677777777777778,2.831111111111111,8.342222222222222,86.25,-75.3125,27.1875,153321472.0,98910208.0,134610944.0,-143687680.0,12.02,-4.4,-1.63,-9.48,-1.13,2.21
1700,1966.8890000000001,11,0.94,-0.26,0.96,29.5625,13.25,-34.0625,0.5077777777777778,3.1422222222222222,10.18,81.0,-78.5625,5.9375,157827072.0,107806720.0,131596288.0,-134938624.0,10.55,-0.06,-0.96,-9.61,-0.2,1.92
1701,1974.156,7,0.44,2.57,1.5,29.5625,13.25,-34.0625,0.16555555555555557,3.23,12.102222222222222,74.5,-79.0,-29.0,163184640.0,117358592.0,127500288.0,-124092416.0,10.07,1.67,-0.13,-9.62,0.9,1.63
1702,1984.836,10,0.69,7.32,1.73,29.5625,13.25,-34.0625,-0.10555555555555556,3.0322222222222224,14.085555555555555,66.5625,-74.75,-58.0625,169312256.0,127303680.0,121765888.0,-111149056.0,10.15,5.14,0.37,-9.46,2.18,1.35
1703,1999.528,14,1.61,11.85,1.87,29.5625,13.25,-34.0625,-0.7633333333333333,2.6344444444444446,16.16888888888889,57.0,-67.3125,-72.25,176259072.0,137019392.0,114163712.0,-95830016.0,10.67,8.25,0.72,-9.05,3.59,1.14
1704,2007.4610000000002,7,5.22,24.15,2.35,29.5625,13.25,-34.0625,-1.5344444444444445,1.9855555555555555,18.295555555555556,46.0,-58.0,-78.3125,183812096.0,145997824.0,104218624.0,-78069760.0,13.54,19.06,1.3,-8.31,5.08,1.04
1705,2016.9250000000002,9,5.69,30.4,2.1,36.6875,-0.1875,-29.1875,-2.451111111111111,1.15,20.264444444444443,33.6875,-47.25,-80.4375,191545344.0,153600000.0,91652096.0,-58097664.0,12.9,23.84,1.0,-7.2,6.55,1.09
1706,2023.99,7,3.96,28.86,1.36,36.6875,-0.1875,-29.1875,-3.341111111111111,0.13,21.554444444444446,20.875,-35.75,-80.4375,198819840.0,159121408.0,76546048.0,-36732928.0,9.69,21.02,0.04,-5.73,7.84,1.32
1707,2034.725,10,9.15,12.0,-3.16,36.6875,-0.1875,-29.1875,-2.2711111111111113,-1.0722222222222222,20.994444444444444,9.375,-24.4375,-80.0,203571200.0,163594240.0,59752448.0,-16793600.0,13.21,3.21,-4.71,-4.05,8.79,1.54
1708,2044.823,10,12.75,25.54,-6.45,36.6875,-0.1875,-29.1875,-0.3877777777777778,-1.6822222222222223,17.857777777777777,0.375,-14.6875,-80.0625,205029376.0,167559168.0,44122112.0,-720896.0,15.25,16.2,-8.08,-2.49,9.34,1.63
1709,2054.8489999999997,10,7.2,25.45,-4.35,36.6875,-0.1875,-29.1875,-2.252222222222222,-1.3977777777777778,13.321111111111112,353.5625,-7.4375,-78.9375,206733312.0,167804928.0,32096256.0,11583488.0,8.47,15.91,-6.21,-1.27,9.54,1.86
1710,2066.823,11,-0.12,24.98,-2.29,23.1875,-26.1875,-29.1875,-3.9722222222222223,-1.27,8.737777777777778,349.1875,-2.6875,-76.8125,209387520.0,165117952.0,23642112.0,19742720.0,0.33,15.44,-4.52,-0.45,9.53,2.23
1711,2073.9390000000003,7,-4.82,20.48,0.89,23.1875,-26.1875,-29.1875,-3.2133333333333334,-1.4644444444444444,5.091111111111111,347.0,0.1875,-75.0625,211501056.0,162562048.0,17874944.0,24002560.0,-4.85,11.0,-1.63,0.03,9.47,2.52
1712,2084.806,10,-4.29,17.68,2.4,23.1875,-26.1875,-29.1875,-0.9244444444444444,-1.8322222222222222,2.4066666666666667,346.5,1.6875,-74.5625,212074496.0,162037760.0,14073856.0,25083904.0,-4.59,8.23,-0.2,0.29,9.44,2.6
1713,2094.848,10,-3.44,15.86,4.17,23.1875,-26.1875,-29.1875,1.0977777777777777,-2.19,0.2411111111111111,347.25,2.125,-75.1875,211337216.0,163397632.0,11812864.0,23576576.0,-3.81,6.39,1.67,0.36,9.47,2.5
1714,2104.813,9,-1.26,16.11,7.47,23.1875,-26.1875,-29.1875,1.9666666666666666,-2.4566666666666666,-1.53,349.0625,1.625,-76.3125,210092032.0,165543936.0,10747904.0,20004864.0,-1.55,6.58,5.15,0.28,9.52,2.31
1715,2116.772,11,-0.27,16.49,8.11,3.5,-33.75,-36.5,1.6177777777777778,-2.571111111111111,-2.7944444444444443,351.6875,0.5,-77.1875,209174528.0,167231488.0,10534912.0,15122432.0,-0.36,6.93,5.94,0.08,9.56,2.16
1716,2124.341,7,0.34,15.88,8.17,3.5,-33.75,-36.5,0.47,-2.4611111111111112,-3.4988888888888887,354.6875,-1.0,-77.4375,209125376.0,167657472.0,10895360.0,9650176.0,0.52,6.31,6.05,-0.17,9.57,2.12
1717,2134.569,10,0.4,14.69,7.56,3.5,-33.75,-36.5,-0.6011111111111112,-2.1866666666666665,-3.6866666666666665,357.625,-2.6875,-77.0625,209846272.0,166936576.0,11632640.0,4276224.0,0.87,5.14,5.38,-0.46,9.54,2.18
1718,2144.8680000000004,10,0.64,14.3,5.38,3.5,-33.75,-36.5,-1.1422222222222222,-1.7877777777777777,-3.4611111111111112,0.25,-4.3125,-76.375,210878464.0,165609472.0,12566528.0,-524288.0,1.38,4.79,3.09,-0.74,9.5,2.29
1719,2154.906,10,0.65,13.98,4.23,3.5,-33.75,-36.5,-1.3588888888888888,-1.278888888888889,-2.918888888888889,2.3125,-5.6875,-75.5625,211992576.0,164052992.0,13582336.0,-4374528.0,1.63,4.53,1.8,-0.97,9.45,2.43
1720,2166.792,11,0.55,13.21,3.42,0.875,-35.25,-36.875,-1.45,-0.7022222222222222,-2.2,3.75,-6.75,-74.6875,213106688.0,162414592.0,14614528.0,-7045120.0,1.71,3.82,0.85,-1.15,9.39,2.56
1721,2174.2,7,0.23,12.39,2.87,0.875,-35.25,-36.875,-1.2766666666666666,-0.14777777777777779,-1.448888888888889,4.5625,-7.5,-73.9375,214040576.0,161021952.0,15630336.0,-8536064.0,1.52,3.04,0.18,-1.28,9.34,2.68
1722,2184.852,10,-0.2,11.1,2.15,0.875,-35.25,-36.875,-0.8622222222222222,0.3511111111111111,-0.7766666666666666,4.75,-7.9375,-73.5,214646784.0,160088064.0,16613376.0,-8994816.0,1.15,1.79,-0.59,-1.36,9.31,2.75
1723,2194.919,10,-0.55,10.71,2.28,0.875,-35.25,-36.875,-0.41444444444444445,0.7888888888888889,-0.26222222222222225,4.5625,-8.1875,-73.3125,214876160.0,159678464.0,17629184.0,-8634368.0,0.85,1.42,-0.5,-1.4,9.29,2.78
1724,2204.897,9,-0.95,10.43,2.48,0.875,-35.25,-36.875,-0.08222222222222222,1.15,0.04666666666666667,4.0625,-8.375,-73.375,214843392.0,159645696.0,18776064.0,-7700480.0,0.48,1.14,-0.29,-1.43,9.29,2.77
1725,2216.822,11,-1.53,10.27,2.47,6.25,-33.25,-38.5,0.11888888888888889,1.4322222222222223,0.15666666666666668,3.4375,-8.5,-73.5625,214630400.0,159825920.0,20119552.0,-6471680.0,-0.07,0.97,-0.26,-1.45,9.3,2.74
1726,2224.05,7,-1.72,10.05,2.29,6.25,-33.25,-38.5,0.19111111111111112,1.61,0.1,2.75,-8.6875,-73.75,214319104.0,160088064.0,21676032.0,-5160960.0,-0.23,0.75,-0.41,-1.48,9.3,2.7
1727,2234.7830000000004,10,-1.7,9.9,2.17,6.25,-33.25,-38.5,0.23666666666666666,1.6822222222222223,-0.07555555555555556,2.125,-9.0,-74.0625,213958656.0,160350208.0,23445504.0,-3981312.0,-0.16,0.59,-0.48,-1.53,9.31,2.65
1728,2244.901,10,-1.61,9.87,2.08,6.25,-33.25,-38.5,0.31444444444444447,1.6544444444444444,-0.31222222222222223,1.625,-9.4375,-74.3125,213532672.0,160661504.0,25362432.0,-3080192.0,0.0,0.55,-0.52,-1.6,9.31,2.6
1729,2254.937,10,-1.6,10.03,1.83,6.25,-33.25,-38.5,0.41888888888888887,1.5333333333333334,-0.5511111111111111,1.3125,-9.9375,-74.6875,213008384.0,161038336.0,27328512.0,-2506752.0,0.09,0.71,-0.71,-1.69,9.31,2.54
1730,2266.842,11,-1.99,10.38,1.86,6.1875,-32.875,-39.1875,0.4811111111111111,1.3466666666666667,-0.7388888888888889,1.1875,-10.5,-75.0625,212451328.0,161447936.0,29245440.0,-2293760.0,-0.2,1.06,-0.61,-1.79,9.31,2.47
1731,2273.947,7,-2.36,10.63,2.01,6.1875,-32.875,-39.1875,0.4066666666666667,1.1277777777777778,-0.8477777777777777,1.25,-11.125,-75.375,211959808.0,161742848.0,31031296.0,-2342912.0,-0.47,1.32,-0.4,-1.89,9.31,2.42
1732,2284.9629999999997,11,-2.32,10.46,1.98,6.1875,-32.875,-39.1875,0.2222222222222222,0.9022222222222223,-0.8833333333333333,1.375,-11.6875,-75.5625,211648512.0,161841152.0,32620544.0,-2572288.0,-0.32,1.16,-0.4,-1.99,9.3,2.38
1733,2294.954,9,-2.15,10.32,1.96,6.1875,-32.875,-39.1875,0.028888888888888888,0.6733333333333333,-0.8733333333333333,1.5625,-12.25,-75.625,211501056.0,161742848.0,33964032.0,-2932736.0,-0.06,1.03,-0.4,-2.08,9.28,2.37
1734,2304.931,9,-2.07,10.15,2.02,6.1875,-32.875,-39.1875,-0.15333333333333332,0.46555555555555556,-0.8366666666666667,1.8125,-12.75,-75.5625,211533824.0,161464320.0,35078144.0,-3391488.0,0.09,0.89,-0.34,-2.16,9.26,2.37
1735,2317.034,12,-1.97,9.99,2.13,10.25,-32.5,-35.1875,-0.36444444444444446,0.29333333333333333,-0.7944444444444444,2.0625,-13.1875,-75.375,211746816.0,160956416.0,35995648.0,-3899392.0,0.26,0.75,-0.26,-2.24,9.23,2.4
1736,2324.11,7,-1.69,9.38,2.01,10.25,-32.5,-35.1875,-0.5966666666666667,0.15777777777777777,-0.7533333333333333,2.375,-13.625,-75.0625,212156416.0,160235520.0,36732928.0,-4440064.0,0.61,0.17,-0.43,-2.31,9.2,2.45
1737,2334.866,10,-1.71,9.0,1.96,10.25,-32.5,-35.1875,-0.7555555555555555,0.06555555555555556,-0.7122222222222222,2.625,-14.0,-74.625,212713472.0,159350784.0,37355520.0,-4980736.0,0.66,-0.16,-0.55,-2.37,9.17,2.51
1738,2344.917,10,-1.65,8.73,1.9,10.25,-32.5,-35.1875,-0.8066666666666666,0.0077777777777777776,-0.6744444444444444,2.9375,-14.375,-74.1875,213303296.0,158416896.0,37896192.0,-5521408.0,0.78,-0.4,-0.68,-2.43,9.14,2.58
1739,2355.0,10,-1.65,8.29,1.83,10.25,-32.5,-35.1875,-0.8188888888888889,-0.005555555555555556,-0.6388888888888888,3.1875,-14.6875,-73.6875,213893120.0,157466624.0,38387712.0,-6012928.0,0.84,-0.8,-0.82,-2.49,9.1,2.65
1740,2366.972,11,-1.55,8.15,1.69,11.0625,-32.1875,-38.0,-0.8466666666666667,0.035555555555555556,-0.5977777777777777,3.4375,-15.0,-73.25,214499328.0,156483584.0,38895616.0,-6438912.0,0.99,-0.91,-1.03,-2.54,9.06,2.72
1741,2374.408,7,-1.41,7.82,1.58,11.0625,-32.1875,-38.0,-0.8888888888888888,0.11777777777777777,-0.5477777777777778,3.5625,-15.3125,-72.75,215121920.0,155484160.0,39452672.0,-6750208.0,1.18,-1.2,-1.21,-2.59,9.03,2.8
1742,2384.982,10,-1.4,7.54,1.43,11.0625,-32.1875,-38.0,-0.8177777777777778,0.22666666666666666,-0.48444444444444446,3.625,-15.625,-72.3125,215678976.0,154566656.0,40075264.0,-6930432.0,1.24,-1.45,-1.42,-2.64,8.99,2.86
1743,2395.102,10,-1.58,7.26,1.48,11.0625,-32.1875,-38.0,-0.6322222222222222,0.3244444444444444,-0.40444444444444444,3.6875,-15.875,-72.0,216055808.0,153845760.0,40730624.0,-6979584.0,1.09,-1.7,-1.43,-2.68,8.97,2.91
1744,2405.4829999999997,10,-1.65,7.16,1.58,11.0625,-32.1875,-38.0,-0.42,0.41555555555555557,-0.31777777777777777,3.625,-16.125,-71.8125,216268800.0,153370624.0,41402368.0,-6914048.0,1.07,-1.78,-1.35,-2.72,8.95,2.93
1745,2417.013,11,-1.67,7.11,1.74,11.5,-29.5,-37.1875,-0.2411111111111111,0.48777777777777775,-0.23222222222222222,3.5625,-16.3125,-71.75,216350720.0,153092096.0,42074112.0,-6750208.0,1.08,-1.82,-1.2,-2.75,8.93,2.94
1746,2424.473,7,-1.69,7.26,1.85,11.5,-29.5,-37.1875,-0.12555555555555556,0.5455555555555556,-0.15555555555555556,3.4375,-16.5,-71.75,216317952.0,152944640.0,42762240.0,-6488064.0,1.08,-1.66,-1.08,-2.78,8.92,2.94
1747,2434.908,10,-1.97,7.29,1.98,11.5,-29.5,-37.1875,-0.04111111111111111,0.5788888888888889,-0.07333333333333333,3.25,-16.625,-71.8125,216236032.0,152911872.0,43401216.0,-6144000.0,0.83,-1.63,-0.94,-2.81,8.92,2.93
1748,2445.0280000000002,10,-2.26,7.38,2.19,11.5,-29.5,-37.1875,0.05555555555555555,0.5544444444444444,-0.0044444444444444444,3.0,-16.6875,-71.9375,216072192.0,152977408.0,43974656.0,-5750784.0,0.56,-1.54,-0.71,-2.82,8.92,2.91
1749,2455.006,9,-2.35,7.52,2.38,11.5,-29.5,-37.1875,0.12666666666666668,0.4911111111111111,0.04111111111111111,2.8125,-16.75,-72.0625,215875584.0,153124864.0,44449792.0,-5373952.0,0.48,-1.41,-0.5,-2.83,8.93,2.88
1750,2466.8709999999996,11,-2.54,7.88,2.8,13.0,-29.5,-37.1875,0.11666666666666667,0.3988888888888889,0.07777777777777778,2.625,-16.8125,-72.1875,215711744.0,153272320.0,44793856.0,-5029888.0,0.29,-1.04,-0.06,-2.83,8.93,2.86
1751,2474.076,7,-2.59,8.04,2.96,13.0,-29.5,-37.1875,0.011111111111111112,0.2911111111111111,0.10222222222222223,2.5,-16.8125,-72.25,215646208.0,153321472.0,45023232.0,-4718592.0,0.24,-0.89,0.1,-2.83,8.94,2.85
1752,2484.911,10,-2.57,8.12,3.01,13.0,-29.5,-37.1875,-0.14222222222222222,0.16444444444444445,0.13444444444444445,2.3125,-16.75,-72.1875,215711744.0,153206784.0,45088768.0,-4423680.0,0.26,-0.81,0.15,-2.83,8.94,2.86
1753,2495.0,10,-2.3,8.34,2.96,13.0,-29.5,-37.1875,-0.27555555555555555,0.044444444444444446,0.17222222222222222,2.1875,-16.6875,-72.0625,215908352.0,152961024.0,45023232.0,-4161536.0,0.51,-0.59,0.07,-2.81,8.93,2.88
1754,2505.089,10,-2.22,8.41,2.93,13.0,-29.5,-37.1875,-0.3388888888888889,-0.058888888888888886,0.2222222222222222,2.0625,-16.5625,-71.875,216170496.0,152649728.0,44810240.0,-3899392.0,0.57,-0.51,0.01,-2.79,8.93,2.91
1755,2517.023,11,-2.33,8.36,2.97,15.0625,-28.375,-36.75,-0.33111111111111113,-0.1388888888888889,0.2788888888888889,1.875,-16.375,-71.6875,216449024.0,152371200.0,44466176.0,-3637248.0,0.43,-0.56,0.02,-2.77,8.93,2.94
1756,2524.1259999999997,7,-2.39,8.48,3.01,15.0625,-28.375,-36.75,-0.2722222222222222,-0.19,0.3333333333333333,1.75,-16.1875,-71.5625,216694784.0,152158208.0,44023808.0,-3375104.0,0.34,-0.45,0.04,-2.73,8.93,2.97
1757,2534.958,10,-2.41,8.66,3.19,15.0625,-28.375,-36.75,-0.21888888888888888,-0.2,0.3711111111111111,1.625,-15.9375,-71.4375,216891392.0,152010752.0,43565056.0,-3096576.0,0.28,-0.27,0.18,-2.69,8.93,3.0
1758,2545.039,10,-2.51,8.75,3.24,15.0625,-28.375,-36.75,-0.19555555555555557,-0.17888888888888888,0.4,1.4375,-15.6875,-71.3125,217088000.0,151879680.0,43089920.0,-2768896.0,0.14,-0.18,0.22,-2.66,8.94,3.02
1759,2555.055,10,-2.55,8.92,3.27,15.0625,-28.375,-36.75,-0.16444444444444445,-0.13,0.4166666666666667,1.25,-15.5,-71.1875,217235456.0,151797760.0,42647552.0,-2392064.0,0.06,-0.01,0.23,-2.62,8.94,3.03
1760,2566.957,11,-2.5,9.1,3.31,14.5,-29.1875,-37.5625,-0.11222222222222222,-0.056666666666666664,0.42333333333333334,1.0,-15.25,-71.1875,217333760.0,151764992.0,42287104.0,-1982464.0,0.08,0.14,0.26,-2.58,8.95,3.05
1761,2574.045,7,-2.54,9.24,3.4,14.5,-29.1875,-37.5625,-0.04888888888888889,0.022222222222222223,0.4211111111111111,0.75,-15.0,-71.125,217366528.0,151797760.0,42008576.0,-1523712.0,0.0,0.28,0.35,-2.54,8.96,3.05
1762,2585.011,10,-2.51,9.47,3.44,14.5,-29.1875,-37.5625,0.04555555555555556,0.08555555555555555,0.4166666666666667,0.5,-14.8125,-71.1875,217317376.0,151928832.0,41795584.0,-1032192.0,0.0,0.49,0.39,-2.51,8.97,3.04
1763,2594.9900000000002,9,-2.49,9.51,3.55,14.5,-29.1875,-37.5625,0.10222222222222223,0.14555555555555555,0.40444444444444444,0.25,-14.625,-71.3125,217219072.0,152125440.0,41648128.0,-540672.0,0.0,0.53,0.52,-2.48,8.98,3.03
1764,2605.07,10,-2.37,9.65,3.72,14.5,-29.1875,-37.5625,0.13,0.1811111111111111,0.37555555555555553,0.0,-14.5,-71.4375,217088000.0,152322048.0,41566208.0,-32768.0,0.07,0.65,0.7,-2.45,9.0,3.02
1765,2618.245,13,-2.35,9.71,3.79,12.5625,-29.5,-36.75,0.14777777777777779,0.19666666666666666,0.3333333333333333,0.1875,-14.375,-71.5625,216940544.0,152698880.0,40960000.0,-393216.0,0.07,0.7,0.79,-2.43,9.01,3.0
1766,2625.806,7,-2.35,9.79,3.87,12.5625,-29.5,-36.75,0.14777777777777779,0.18222222222222223,0.29333333333333333,359.9375,-14.25,-71.625,216793088.0,152911872.0,40943616.0,16384.0,0.05,0.76,0.88,-2.41,9.02,2.98
1767,2635.4500000000003,9,-2.47,9.82,3.96,12.5625,-29.5,-36.75,0.13777777777777778,0.14888888888888888,0.25666666666666665,359.75,-14.125,-71.75,216662016.0,153092096.0,40910848.0,360448.0,-0.07,0.79,0.99,-2.39,9.03,2.97
1768,2645.0840000000003,9,-2.57,9.83,4.0,12.5625,-29.5,-36.75,0.09444444444444444,0.09666666666666666,0.20444444444444446,359.625,-14.0,-71.8125,216580096.0,153239552.0,40861696.0,622592.0,-0.19,0.79,1.03,-2.38,9.04,2.96
1769,2655.0820000000003,9,-2.51,9.84,4.0,12.5625,-29.5,-36.75,0.017777777777777778,0.051111111111111114,0.14444444444444443,359.5625,-13.9375,-71.875,216547328.0,153288704.0,40812544.0,819200.0,-0.14,0.79,1.05,-2.37,9.04,2.95
1770,2668.159,13,-2.45,9.88,3.93,14.5,-29.1875,-37.5625,-0.06666666666666667,0.01888888888888889,0.08333333333333333,359.5,-13.9375,-71.8125,216596480.0,153239552.0,40730624.0,884736.0,-0.09,0.83,0.96,-2.36,9.04,2.96
1771,2675.476,7,-2.42,9.83,3.73,14.5,-29.1875,-37.5625,-0.13444444444444445,-0.0022222222222222222,0.03333333333333333,359.5,-13.875,-71.75,216694784.0,153108480.0,40714240.0,933888.0,-0.05,0.79,0.76,-2.36,9.04,2.97
1772,2686.007,10,-2.36,9.82,3.61,14.5,-29.1875,-37.5625,-0.17,0.0011111111111111111,-0.0011111111111111111,359.4375,-13.8125,-71.5,217038848.0,152666112.0,40534016.0,1048576.0,-0.01,0.79,0.59,-2.35,9.03,3.01
1773,2695.002,8,-2.32,9.75,3.52,14.5,-29.1875,-37.5625,-0.18777777777777777,0.015555555555555555,-0.024444444444444446,359.375,-13.875,-71.375,217186304.0,152453120.0,40566784.0,1064960.0,0.03,0.73,0.49,-2.35,9.02,3.03
1774,2705.0679999999998,10,-2.29,9.6,3.45,14.5,-29.1875,-37.5625,-0.18333333333333332,0.05,-0.051111111111111114,359.375,-13.875,-71.3125,217300992.0,152256512.0,40665088.0,1081344.0,0.06,0.59,0.41,-2.35,9.01,3.04
1775,2718.18,13,-2.21,9.41,3.31,13.25,-30.6875,-38.375,-0.13555555555555557,0.09,-0.0811111111111111,359.6875,-13.9375,-71.25,217382912.0,152223744.0,40386560.0,491520.0,0.15,0.4,0.25,-2.36,9.01,3.05
1776,2725.3720000000003,7,-2.18,9.42,3.21,13.25,-30.6875,-38.375,-0.058888888888888886,0.13777777777777778,-0.11555555555555555,359.6875,-14.0625,-71.1875,217399296.0,152125440.0,40615936.0,491520.0,0.19,0.41,0.16,-2.38,9.0,3.05
1777,2736.7059999999997,11,-2.18,9.47,3.2,13.25,-30.6875,-38.375,-0.006666666666666667,0.1922222222222222,-0.13444444444444445,359.6875,-14.125,-71.25,217366528.0,152109056.0,40910848.0,491520.0,0.21,0.47,0.14,-2.4,9.0,3.05
1778,2745.724,9,-2.22,9.48,3.03,13.25,-30.6875,-38.375,0.014444444444444444,0.25666666666666665,-0.13333333333333333,359.6875,-14.25,-71.25,217300992.0,152092672.0,41271296.0,524288.0,0.19,0.48,-0.01,-2.41,9.0,3.04
1779,2755.275,9,-2.18,9.4,2.96,13.25,-30.6875,-38.375,0.012222222222222223,0.32222222222222224,-0.11555555555555555,359.625,-14.375,-71.3125,217235456.0,152076288.0,41697280.0,638976.0,0.25,0.4,-0.07,-2.43,8.99,3.03
1780,2768.2349999999997,12,-2.19,9.34,2.88,13.0,-29.1875,-38.875,0.027777777777777776,0.3811111111111111,-0.08222222222222222,359.875,-14.5,-71.375,217137152.0,152207360.0,41730048.0,212992.0,0.26,0.34,-0.14,-2.45,8.99,3.02
1781,2775.902,7,-2.25,9.21,2.77,13.0,-29.1875,-38.875,0.07666666666666666,0.42444444444444446,-0.052222222222222225,359.75,-14.5625,-71.5,216989696.0,152272896.0,42205184.0,458752.0,0.21,0.21,-0.23,-2.47,8.99,3.01
1782,2785.607,9,-2.33,9.17,2.63,13.0,-29.1875,-38.875,0.12666666666666668,0.45555555555555555,-0.034444444444444444,359.5625,-14.6875,-71.625,216809472.0,152403968.0,42696704.0,720896.0,0.15,0.17,-0.35,-2.48,9.0,2.98
1783,2795.047,9,-2.3,9.2,2.56,13.0,-29.1875,-38.875,0.1511111111111111,0.4822222222222222,-0.02666666666666667,359.4375,-14.75,-71.75,216612864.0,152551424.0,43204608.0,1015808.0,0.2,0.2,-0.4,-2.5,9.0,2.96
1784,2805.125,10,-2.28,9.23,2.48,13.0,-29.1875,-38.875,0.14777777777777779,0.5077777777777778,-0.028888888888888888,359.25,-14.875,-71.875,216399872.0,152698880.0,43761664.0,1327104.0,0.23,0.22,-0.45,-2.52,9.0,2.93
1785,2818.3579999999997,13,-2.32,9.14,2.39,14.5,-29.5,-37.5625,0.13,0.5233333333333333,-0.03111111111111111,359.1875,-15.0,-72.0625,216186880.0,152846336.0,44236800.0,1523712.0,0.21,0.13,-0.51,-2.53,9.01,2.91
1786,2825.757,7,-2.31,9.1,2.33,14.5,-29.5,-37.5625,0.12111111111111111,0.5222222222222223,-0.03333333333333333,359.0,-15.0625,-72.1875,215990272.0,152961024.0,44793856.0,1851392.0,0.24,0.08,-0.55,-2.55,9.01,2.89
1787,2835.4689999999996,9,-2.34,9.07,2.31,14.5,-29.5,-37.5625,0.12777777777777777,0.4988888888888889,-0.03888888888888889,358.8125,-15.1875,-72.3125,215793664.0,153075712.0,45334528.0,2146304.0,0.22,0.05,-0.55,-2.57,9.01,2.86
1788,2845.122,9,-2.34,8.98,2.25,14.5,-29.5,-37.5625,0.14777777777777779,0.4711111111111111,-0.051111111111111114,358.6875,-15.3125,-72.4375,215580672.0,153206784.0,45858816.0,2392064.0,0.24,-0.03,-0.59,-2.59,9.02,2.84
1789,2855.13,10,-2.34,8.93,2.28,14.5,-29.5,-37.5625,0.16111111111111112,0.4311111111111111,-0.06555555555555556,358.5625,-15.375,-72.625,215367680.0,153354240.0,46350336.0,2605056.0,0.26,-0.08,-0.53,-2.6,9.02,2.82
1790,2868.2569999999996,13,-2.36,8.98,2.31,14.5,-30.25,-36.75,0.14333333333333334,0.3877777777777778,-0.08333333333333333,358.75,-15.5,-72.75,215187456.0,153583616.0,46465024.0,2293760.0,0.25,-0.04,-0.48,-2.62,9.02,2.79
1791,2875.3669999999997,7,-2.4,8.96,2.28,14.5,-30.25,-36.75,0.09666666666666666,0.3477777777777778,-0.09444444444444444,358.625,-15.5625,-73.0,214827008.0,153976832.0,46825472.0,2539520.0,0.22,-0.06,-0.47,-2.63,9.03,2.75
1792,2885.591,10,-2.4,8.92,2.21,14.5,-30.25,-36.75,0.042222222222222223,0.30444444444444446,-0.10222222222222223,358.5,-15.5625,-73.25,214515712.0,154288128.0,47153152.0,2752512.0,0.23,-0.12,-0.5,-2.63,9.04,2.72
1793,2895.893,10,-2.35,8.91,2.19,14.5,-30.25,-36.75,-0.008888888888888889,0.26,-0.1,358.375,-15.5625,-73.4375,214253568.0,154566656.0,47415296.0,2965504.0,0.28,-0.13,-0.49,-2.64,9.05,2.69
1794,2905.96,10,-2.32,8.87,2.18,14.5,-30.25,-36.75,-0.051111111111111114,0.21555555555555556,-0.09555555555555556,358.25,-15.625,-73.5625,214040576.0,154796032.0,47628288.0,3162112.0,0.32,-0.18,-0.48,-2.64,9.05,2.66
1795,2919.407,13,-2.3,8.77,2.1,14.75,-28.75,-36.0,-0.07111111111111111,0.1811111111111111,-0.09333333333333334,358.4375,-15.5625,-73.6875,213843968.0,155140096.0,47431680.0,2834432.0,0.33,-0.29,-0.53,-2.64,9.06,2.64
1796,2927.336,7,-2.22,8.74,2.09,14.75,-28.75,-36.0,-0.056666666666666664,0.14666666666666667,-0.09222222222222222,358.375,-15.5625,-73.875,213630976.0,155402240.0,47529984.0,3014656.0,0.41,-0.33,-0.52,-2.63,9.07,2.61
1797,2936.1000000000004,8,-2.25,8.77,2.09,14.75,-28.75,-36.0,-0.03333333333333333,0.11,-0.09777777777777778,358.25,-15.5625,-74.0625,213417984.0,155664384.0,47611904.0,3162112.0,0.37,-0.31,-0.49,-2.63,9.08,2.59
1798,2946.024,9,-2.25,8.76,2.12,14.75,-28.75,-36.0,-0.022222222222222223,0.08555555555555555,-0.1,358.1875,-15.5,-74.1875,213221376.0,155910144.0,47644672.0,3276800.0,0.36,-0.32,-0.44,-2.62,9.09,2.57
1799,2956.067,10,-2.25,8.74,2.2,14.75,-28.75,-36.0,-0.02,0.06777777777777778,-0.09666666666666666,358.1875,-15.5,-74.3125,213090304.0,156106752.0,47677440.0,3358720.0,0.36,-0.35,-0.35,-2.62,9.09,2.55
1800,2969.366,13,-2.24,8.75,2.22,14.0625,-30.6875,-36.75,-0.024444444444444446,0.06333333333333334,-0.09222222222222222,358.625,-15.4375,-74.375,212992000.0,156467200.0,46989312.0,2473984.0,0.37,-0.34,-0.31,-2.61,9.1,2.54
1801,2976.4469999999997,7,-2.23,8.77,2.25,14.0625,-30.6875,-36.75,-0.034444444444444444,0.057777777777777775,-0.08333333333333333,358.5625,-15.4375,-74.4375,212910080.0,156565504.0,46989312.0,2555904.0,0.37,-0.33,-0.27,-2.61,9.1,2.53
1802,2985.431,8,-2.22,8.74,2.23,14.0625,-30.6875,-36.75,-0.043333333333333335,0.057777777777777775,-0.07,358.5625,-15.375,-74.4375,212844544.0,156647424.0,46972928.0,2654208.0,0.38,-0.36,-0.28,-2.6,9.1,2.52
1803,2995.961,10,-2.22,8.76,2.25,14.0625,-30.6875,-36.75,-0.044444444444444446,0.058888888888888886,-0.05444444444444444,358.5,-15.375,-74.5,212795392.0,156729344.0,46956544.0,2768896.0,0.38,-0.35,-0.26,-2.6,9.11,2.52
